2 0.3626065397362626 0.828261773140514 0.06451612903225806 0.05161290322580645
3 0.3989062682373545 0.7448606711284953 0.03870967741935484 0.03225806451612903
4 0.4239939004502349 0.7117832359044515 0.06881720430107527 0.060215053763440864
5 0.2579392779061116 0.7417457902813368 0.01935483870967742 0.02795698924731183
3 0.23533283796272386 0.7678587671802156 0.023655913978494623 0.034408602150537634
3 0.21115321873984233 0.7158214381234764 0.023655913978494623 0.03655913978494624
3 0.24728285613305684 0.71249077856063 0.017204301075268817 0.025806451612903226
3 0.2587770326209558 0.7403049477871086 0.017204301075268817 0.023655913978494623
3 0.2929778139177489 0.7306313632533755 0.015053763440860216 0.023655913978494623
3 0.2689256558565239 0.7394346553962847 0.015053763440860216 0.021505376344086023
6 0.2095498457913288 0.7554513401209023 0.043010752688172046 0.060215053763440864
6 0.19425895611719152 0.7260328279933224 0.043010752688172046 0.06236559139784946
2 0.24456862129556933 0.6831612225622027 0.03870967741935484 0.053763440860215055
7 0.2234397082316645 0.6596025774223163 0.04946236559139785 0.07741935483870968
7 0.24256040848573096 0.6751983656578504 0.06666666666666667 0.1010752688172043
8 0.7173388738894505 0.43109983341816854 0.18494623655913978 0.23440860215053763
9 0.341273493618287 0.23984293172476687 0.221505376344086 0.2838709677419355
9 0.7161678928151902 0.47848984697322916 0.210752688172043 0.2838709677419355
2 0.37285293535070624 0.26586415049170514 0.24086021505376345 0.3311827956989247
2 0.7139934603162688 0.4713383874226668 0.24946236559139784 0.3333333333333333
9 0.7941013320113594 0.4795065410221206 0.17849462365591398 0.24086021505376345
