2 0.7503304122671165 0.47972191241823997 0.08387096774193549 0.03870967741935484
12 0.11534035195265387 0.6665054317879643 0.047311827956989246 0.05806451612903226
5 0.5518464183755986 0.42939537823643265 0.06881720430107527 0.07526881720430108
12 0.5547976531557068 0.443225472131412 0.06236559139784946 0.06451612903225806
12 0.6297468414059295 0.35952700010707866 0.18064516129032257 0.1827956989247312
5 0.6455938998274062 0.7145811774967921 0.08387096774193549 0.06236559139784946
4 0.6986943181855961 0.756135117795888 0.0967741935483871 0.07096774193548387
9 0.6418147438417687 0.5818750704667466 0.2752688172043011 0.21505376344086022
2 0.6905743308736593 0.595730523457879 0.2838709677419355 0.22580645161290322
6 0.7679987154027061 0.617834856746076 0.06236559139784946 0.060215053763440864
6 0.7096214159606303 0.6337461875426956 0.06666666666666667 0.05591397849462366
13 0.7238717901051172 0.8575779600693717 0.0967741935483871 0.0967741935483871
13 0.35941388781492994 0.08686917813322864 0.09462365591397849 0.09462365591397849
13 0.33751288447252603 0.059206998551601664 0.1010752688172043 0.09247311827956989
13 0.740821386266185 0.7650273299206269 0.1053763440860215 0.07311827956989247
