5 0.8263569173061933 0.5572056202517942 0.03655913978494624 0.021505376344086023
5 0.8100475997342846 0.5450947355978909 0.03655913978494624 0.021505376344086023
5 0.8168499558636668 0.5841467750570039 0.03655913978494624 0.021505376344086023
5 0.8014193701792826 0.5923989137105021 0.05161290322580645 0.03655913978494624
5 0.7997720452426932 0.6125543718780438 0.03225806451612903 0.023655913978494623
5 0.7942132907592824 0.6249856238275123 0.03655913978494624 0.021505376344086023
5 0.823941557181504 0.6439425959350421 0.034408602150537634 0.01935483870967742
5 0.8042143088634288 0.6405638605798273 0.034408602150537634 0.015053763440860216
5 0.8083408265461562 0.6527312968647848 0.03870967741935484 0.017204301075268817
5 0.7713363260818499 0.6853983994708205 0.034408602150537634 0.01935483870967742
5 0.798107120133916 0.6781337757835717 0.034408602150537634 0.01935483870967742
5 0.7490442000521523 0.6964930231505977 0.03655913978494624 0.021505376344086023
5 0.8025901951807161 0.658018724676422 0.034408602150537634 0.021505376344086023
5 0.8375244769293357 0.8580610453034592 0.043010752688172046 0.06451612903225806
5 0.8387561895545271 0.7730288516941558 0.043010752688172046 0.06451612903225806
5 0.8541194251357052 0.7150407585141811 0.023655913978494623 0.06451612903225806
5 0.7555041869588932 0.8373267387714947 0.06666666666666667 0.06236559139784946
5 0.6564414467990388 0.7663734223835893 0.060215053763440864 0.06451612903225806
20 0.6180444841101065 0.3920585748838061 0.24086021505376345 0.2021505376344086
2 0.6693643565351424 0.38435003741416446 0.27741935483870966 0.23225806451612904
24 0.4779665459318136 0.5154766811529293 0.589247311827957 0.5720430107526882
25 0.7522949374421599 0.38430863712543734 0.18924731182795698 0.16129032258064516
