5 0.8044977583856071 0.6002883472271354 0.010752688172043012 0.01935483870967742
5 0.8172563108221954 0.5974563893325601 0.010752688172043012 0.017204301075268817
5 0.8047773472195101 0.6188214441238111 0.012903225806451613 0.01935483870967742
5 0.8044579684895882 0.6349462342156585 0.017204301075268817 0.023655913978494623
5 0.7407922857232034 0.7075865429043929 0.034408602150537634 0.01935483870967742
5 0.7320931985948236 0.6857896695845631 0.03655913978494624 0.021505376344086023
5 0.7474105660830267 0.68717827996297 0.03655913978494624 0.021505376344086023
5 0.7480391856951379 0.6774277477075216 0.03655913978494624 0.01935483870967742
5 0.7572264379951851 0.6701755927599594 0.03655913978494624 0.021505376344086023
5 0.7574106253854461 0.66602310693866 0.034408602150537634 0.01935483870967742
5 0.7644358075144504 0.6613800266033023 0.03225806451612903 0.02795698924731183
5 0.7566790125068956 0.6173048813788671 0.04946236559139785 0.03225806451612903
5 0.7750765119841261 0.6047143294195081 0.03655913978494624 0.023655913978494623
5 0.7824903582155256 0.5972743264952621 0.03870967741935484 0.023655913978494623
5 0.7777076562753464 0.5890033595932276 0.03655913978494624 0.023655913978494623
5 0.7869592053667013 0.5757026668887706 0.03655913978494624 0.025806451612903226
5 0.8022811985661655 0.72297082518238 0.025806451612903226 0.06666666666666667
5 0.7957119592524313 0.7826516705535529 0.04086021505376344 0.06881720430107527
5 0.7794452051557467 0.8383761757388936 0.03870967741935484 0.06666666666666667
3 0.08148706298877392 0.4130466118840289 0.053763440860215055 0.05161290322580645
3 0.12671994478572352 0.014991642324954903 0.03655913978494624 0.02795698924731183
5 0.6623159811607255 0.8188539483714684 0.06236559139784946 0.06236559139784946
5 0.7119233482619993 0.8666697189086258 0.060215053763440864 0.060215053763440864
10 0.3590286326483818 0.5034196499701233 0.2623655913978495 0.2623655913978495
2 0.641875192333864 0.3910094592536329 0.26666666666666666 0.221505376344086
