8 0.5362084712300401 0.49145824846839664 0.44731182795698926 0.5913978494623656
3 0.14521335428996732 0.6667067650408663 0.03870967741935484 0.023655913978494623
3 0.13784325880128812 0.6513480767012343 0.03870967741935484 0.023655913978494623
3 0.07460744523574059 0.6192616233344355 0.053763440860215055 0.034408602150537634
8 0.23547327262511042 0.3558859966816178 0.44516129032258067 0.5913978494623656
9 0.3618744412477298 0.4248421021234556 0.4129032258064516 0.546236559139785
9 0.6085377984458785 0.5685858958588477 0.3913978494623656 0.546236559139785
9 0.6821782439360418 0.5885753946887381 0.3935483870967742 0.5505376344086022
2 0.4102091411936086 0.494566523383968 0.4967741935483871 0.6688172043010753
3 0.2931671750708056 0.4368768558115439 0.35913978494623655 0.47956989247311826
