5 0.27632872028985533 0.8154995013378369 0.04086021505376344 0.02795698924731183
5 0.31958812656909114 0.8713470207016326 0.04086021505376344 0.025806451612903226
4 0.3242492293479388 0.7739299818395353 0.06881720430107527 0.05591397849462366
5 0.18050822584146087 0.8332800261195807 0.023655913978494623 0.03225806451612903
5 0.0944060244957031 0.8902720294808394 0.025806451612903226 0.03655913978494624
3 0.14953599230936235 0.759877502031023 0.017204301075268817 0.021505376344086023
3 0.1765136010884485 0.888507009904896 0.017204301075268817 0.021505376344086023
3 0.18401227055225156 0.8355901290597935 0.015053763440860216 0.021505376344086023
4 0.1618780078396028 0.7299345153933954 0.03655913978494624 0.04946236559139785
4 0.1669810670624736 0.725174715089107 0.034408602150537634 0.04086021505376344
4 0.21505749600157092 0.7704450417572932 0.03225806451612903 0.04086021505376344
4 0.15130038880998706 0.7118376074369748 0.030107526881720432 0.03870967741935484
4 0.22544705782899804 0.7876522347497966 0.05806451612903226 0.08817204301075268
4 0.27772410715638046 0.3633125814669315 0.17204301075268819 0.22365591397849463
8 0.22183081719182152 0.3188223895778928 0.210752688172043 0.26666666666666666
9 0.7504407046748603 0.5387614861773324 0.3010752688172043 0.3763440860215054
9 0.3527890546516957 0.3453813271654138 0.2129032258064516 0.2817204301075269
2 0.31421373587720225 0.33294078044637687 0.25161290322580643 0.3225806451612903
2 0.6360506643570011 0.6053481641660687 0.24731182795698925 0.3333333333333333
