3 0.37325025409765383 0.7788087398145975 0.017204301075268817 0.008602150537634409
5 0.8412063460856979 0.4726481284612767 0.04086021505376344 0.08172043010752689
5 0.8487204999451965 0.4427298802799684 0.04516129032258064 0.08387096774193549
4 0.46593243947434254 0.4743361705112209 0.07096774193548387 0.047311827956989246
4 0.6064856203022906 0.6621812566265425 0.07096774193548387 0.047311827956989246
10 0.21472918225842502 0.6273099735609706 0.11612903225806452 0.28817204301075267
10 0.5969841449489809 0.5439887820055864 0.16344086021505377 0.2860215053763441
10 0.693724119920139 0.5255609962096665 0.13333333333333333 0.2903225806451613
10 0.7927574902352448 0.479481644516838 0.12903225806451613 0.28817204301075267
2 0.7590847592034133 0.539257427823134 0.1913978494623656 0.44086021505376344
2 0.28692316805059453 0.6689781969020655 0.16344086021505377 0.3763440860215054
15 0.3134653161413783 0.6320691421373826 0.13978494623655913 0.3139784946236559
