5 0.2529522960958092 0.7967137245474287 0.015053763440860216 0.023655913978494623
5 0.2614225049853211 0.832580677213602 0.015053763440860216 0.021505376344086023
5 0.22460079949870937 0.8755579521686241 0.015053763440860216 0.021505376344086023
4 0.39696309919712003 0.9638813300950522 0.03655913978494624 0.030107526881720432
4 0.39890094450300917 0.7681226505005522 0.034408602150537634 0.02795698924731183
4 0.4069914915287879 0.8204337382771872 0.05161290322580645 0.043010752688172046
4 0.28830229882618164 0.6381267013181284 0.043010752688172046 0.060215053763440864
2 0.24665907145850352 0.707225773642116 0.03870967741935484 0.05591397849462366
4 0.3783948572104139 0.7110547930803943 0.03225806451612903 0.047311827956989246
4 0.25358942586827105 0.7097650640298862 0.030107526881720432 0.04516129032258064
4 0.1759678263190777 0.7198195890767666 0.04516129032258064 0.07311827956989247
4 0.2758676200592405 0.7182176997146856 0.05161290322580645 0.08817204301075268
5 0.7385358359511112 0.5462384835386302 0.04516129032258064 0.05591397849462366
28 0.46812426303066135 0.1837016657250491 0.24946236559139784 0.3161290322580645
2 0.3312139630761935 0.28084282247397824 0.25161290322580643 0.33763440860215055
2 0.6932736508908196 0.614474958626622 0.2537634408602151 0.33763440860215055
13 0.8032771939976316 0.43678481012798265 0.07956989247311828 0.10752688172043011
