5 0.1989805962162898 0.7698071784916634 0.017204301075268817 0.023655913978494623
5 0.2010080941819083 0.7409009832574923 0.017204301075268817 0.023655913978494623
5 0.226978373770575 0.6944576921304935 0.02795698924731183 0.03870967741935484
4 0.39905743494935175 0.7691030668409385 0.05591397849462366 0.04946236559139785
6 0.16720404874722203 0.7508268783916824 0.04516129032258064 0.060215053763440864
3 0.13340976035773267 0.28436964953676647 0.02258064516129032 0.03118279569892473
5 0.3249330452483254 0.1372783438832639 0.021505376344086023 0.025806451612903226
7 0.37266601925597703 0.17283145446269435 0.13548387096774195 0.1870967741935484
7 0.34413732309170186 0.1478563345702053 0.15268817204301074 0.2064516129032258
28 0.39248418438911126 0.2924883594573777 0.23870967741935484 0.3139784946236559
21 0.7655157357866954 0.4995278640269523 0.221505376344086 0.2924731182795699
9 0.649971568309008 0.4600327892428819 0.2 0.2731182795698925
9 0.7101704824633961 0.4927373857711275 0.2 0.27956989247311825
2 0.34216627189517945 0.27727905771838507 0.23870967741935484 0.3333333333333333
2 0.6707101259097302 0.4939859664286986 0.23870967741935484 0.3311827956989247
17 0.6117697595043393 0.44621540924721004 0.16989247311827957 0.23440860215053763
