5 0.6607209859823231 0.5098614517748498 0.017204301075268817 0.015053763440860216
5 0.6563231068553622 0.5257928409446164 0.01935483870967742 0.017204301075268817
5 0.6232083901854856 0.47595626537548535 0.017204301075268817 0.017204301075268817
5 0.6366195715657752 0.4924445243436368 0.01935483870967742 0.01935483870967742
5 0.6174940603507967 0.47182578222953064 0.017204301075268817 0.017204301075268817
5 0.5915023274551696 0.4357577426448272 0.017204301075268817 0.01935483870967742
4 0.015036578860404189 0.3061383810023014 0.026881720430107527 0.09462365591397849
4 0.15470965365247738 0.3098255881319913 0.08602150537634409 0.16774193548387098
4 0.1038534639140656 0.30065035435461246 0.08387096774193549 0.16774193548387098
18 0.7572321104243401 0.4291294149626988 0.21935483870967742 0.18924731182795698
18 0.7239892140973737 0.434765731566172 0.21935483870967742 0.18924731182795698
18 0.7325928387611769 0.3955610125958067 0.2172043010752688 0.1870967741935484
8 0.39196868457947226 0.5481320366232667 0.3139784946236559 0.06881720430107527
4 0.38014226821188224 0.5627064564226587 0.1053763440860215 0.02795698924731183
26 0.3958452608393832 0.5070304266838488 0.3139784946236559 0.08602150537634409
18 0.7051320119169651 0.3503370993817016 0.2172043010752688 0.1870967741935484
