5 0.2005345470298362 0.3106905478172484 0.01935483870967742 0.012903225806451613
5 0.2950467459609206 0.44776581271642985 0.021505376344086023 0.012903225806451613
5 0.21574247815366063 0.3968766702743126 0.023655913978494623 0.021505376344086023
8 0.3035918606201669 0.1891628588974861 0.2 0.26021505376344084
5 0.32835069628471525 0.4272481384241833 0.03225806451612903 0.017204301075268817
21 0.28408566150783665 0.22127029725525932 0.22580645161290322 0.2946236559139785
9 0.11146925743233248 0.14050261146782517 0.210752688172043 0.26666666666666666
9 0.15289954603698913 0.14788117438477308 0.2064516129032258 0.27741935483870966
2 0.254202454046145 0.2149001072586093 0.24516129032258063 0.33548387096774196
19 0.4924408015319168 0.6906859768786054 0.47096774193548385 0.3655913978494624
17 0.3592081910427102 0.21406467699847867 0.18494623655913978 0.24086021505376345
