6 0.4514723447440204 0.9771233474703914 0.06559139784946237 0.04516129032258064
6 0.4665833863898109 0.9648575962457341 0.06236559139784946 0.05591397849462366
6 0.21603600011865765 0.9619390400594553 0.043010752688172046 0.060215053763440864
4 0.25575670744031026 0.8848812535927263 0.043010752688172046 0.07311827956989247
4 0.23949648845087584 0.8761936634602779 0.05591397849462366 0.09032258064516129
5 0.2947390461811347 0.5820605828814108 0.017204301075268817 0.015053763440860216
5 0.42300905887646567 0.5332352015906996 0.043010752688172046 0.053763440860215055
13 0.43181218516551745 0.4923469955906391 0.09032258064516129 0.12043010752688173
5 0.581742833791341 0.7818291987990417 0.01935483870967742 0.012903225806451613
5 0.6134207486883159 0.7949153578833922 0.017204301075268817 0.012903225806451613
5 0.6125179618427686 0.8033213011607655 0.01935483870967742 0.012903225806451613
5 0.6796610997500123 0.8354607244514853 0.01935483870967742 0.012903225806451613
5 0.6666541803144194 0.8449974866610441 0.021505376344086023 0.012903225806451613
5 0.7185073850251166 0.8576997480742276 0.025806451612903226 0.017204301075268817
8 0.7620271709663186 0.7099373230414392 0.20430107526881722 0.26666666666666666
21 0.8147928755557846 0.7259466763172174 0.23010752688172043 0.2946236559139785
9 0.6589496089917724 0.6577514990044832 0.2 0.2709677419354839
9 0.6993420275356235 0.677561244830591 0.1935483870967742 0.26666666666666666
2 0.3896008597708906 0.4947749162375535 0.24731182795698925 0.3311827956989247
2 0.7118972344655903 0.716795829609778 0.2537634408602151 0.33978494623655914
17 0.3722893629345129 0.4703972084645331 0.17634408602150536 0.24301075268817204
17 0.8511063380981406 0.7513967157275924 0.17634408602150536 0.23440860215053763
