5 0.21132341786444894 0.5637619792480991 0.03655913978494624 0.03225806451612903
5 0.2102959413502531 0.5614033080829365 0.03655913978494624 0.03225806451612903
5 0.15425464720608406 0.5434310834240458 0.030107526881720432 0.030107526881720432
5 0.15939089825035477 0.5534846567729393 0.034408602150537634 0.034408602150537634
5 0.08761894089507123 0.4970024788835078 0.03225806451612903 0.03225806451612903
5 0.06227579842704378 0.4368658914894004 0.030107526881720432 0.030107526881720432
18 0.36433044505611245 0.48062302358364495 0.43870967741935485 0.38064516129032255
18 0.39043807980352 0.3576679466400159 0.43870967741935485 0.38064516129032255
18 0.3352116651613058 0.32092265771837536 0.44086021505376344 0.3827956989247312
18 0.27617651237509727 0.30962594757219425 0.44086021505376344 0.36989247311827955
