4 0.7698709693658248 0.4597917613158982 0.013978494623655914 0.035483870967741936
4 0.6925410917163156 0.5562489507227452 0.015053763440860216 0.035483870967741936
4 0.7856917586049719 0.4054713131280049 0.01935483870967742 0.035483870967741936
4 0.7083380456767295 0.4322837042457477 0.01827956989247312 0.02903225806451613
3 0.7145216776141416 0.3498889672450202 0.011827956989247311 0.02903225806451613
3 0.7518597947100109 0.3423239019202285 0.011827956989247311 0.02903225806451613
3 0.7384327180318053 0.396807660799916 0.011827956989247311 0.02903225806451613
3 0.7861316430381945 0.3701807417014322 0.05161290322580645 0.015053763440860216
3 0.7939258591478734 0.4904444839671496 0.011827956989247311 0.04408602150537634
3 0.7772901212482035 0.4848165975579897 0.015053763440860216 0.043010752688172046
3 0.6565271541979789 0.43500922989877894 0.03763440860215054 0.008602150537634409
6 0.6782628426873216 0.7162023762642634 0.14086021505376345 0.04838709677419355
6 0.7738644579514218 0.6025782361233435 0.05806451612903226 0.11612903225806452
6 0.3641634457761066 0.6494606147260884 0.13870967741935483 0.041935483870967745
