4 0.7592515407583332 0.4745618852403035 0.017204301075268817 0.02795698924731183
4 0.6437538948906357 0.3774715493761642 0.03870967741935484 0.010752688172043012
4 0.6058331213499776 0.4320434346006073 0.043010752688172046 0.015053763440860216
4 0.7297804624897031 0.4438924893906931 0.012903225806451613 0.034408602150537634
4 0.7053423120128344 0.3367963975832421 0.013978494623655914 0.03333333333333333
4 0.7715474824319439 0.3904152804130955 0.011827956989247311 0.035483870967741936
4 0.6032633676510857 0.37910761644276947 0.03118279569892473 0.010752688172043012
4 0.5955585906061345 0.43536935493165885 0.035483870967741936 0.016129032258064516
4 0.7256609182163701 0.4299284161683326 0.010752688172043012 0.03118279569892473
4 0.7199679932008585 0.42207561795175286 0.010752688172043012 0.02795698924731183
6 0.7352467361163337 0.6068603668329335 0.05698924731182796 0.11720430107526882
6 0.621569359895038 0.6890169844905223 0.14086021505376345 0.04408602150537634
6 0.45584133359665346 0.7071871563300492 0.13870967741935483 0.046236559139784944
