4 0.3642478335056915 0.15049866217551505 0.034408602150537634 0.012903225806451613
4 0.5846543106672043 0.16908613053663177 0.012903225806451613 0.030107526881720432
4 0.5753590790808591 0.35201379316379877 0.012903225806451613 0.030107526881720432
4 0.6051889569571316 0.41336544331869934 0.013978494623655914 0.041935483870967745
4 0.5282425238299134 0.20896337003560872 0.04086021505376344 0.01827956989247312
4 0.5103085948465438 0.3721780977353884 0.035483870967741936 0.016129032258064516
4 0.5763778797641229 0.5640110153915442 0.011827956989247311 0.041935483870967745
4 0.5989053069085369 0.31577066774528584 0.013978494623655914 0.043010752688172046
6 0.6625410971909418 0.5634662060459112 0.05268817204301075 0.11720430107526882
6 0.5617433526774763 0.7297592710437201 0.13655913978494624 0.046236559139784944
6 0.3845499629742612 0.6852693964382585 0.13440860215053763 0.04408602150537634
