4 0.6220977457866593 0.5142817686027623 0.03870967741935484 0.03870967741935484
4 0.6069626264286432 0.5159476801148748 0.05591397849462366 0.053763440860215055
26 0.24794263870603478 0.43272923262663915 0.2537634408602151 0.26881720430107525
26 0.29429546829662867 0.38203070596497074 0.2709677419354839 0.28817204301075267
37 0.598926671607522 0.6646640380356632 0.34838709677419355 0.3333333333333333
2 0.5684091195854537 0.5272105111131392 0.5935483870967742 0.5806451612903226
20 0.47650043843035855 0.3548632419851882 0.21505376344086022 0.21505376344086022
20 0.4826368150051631 0.329292410818495 0.221505376344086 0.210752688172043
20 0.7750067921785369 0.6684963132262471 0.21505376344086022 0.21505376344086022
20 0.7613588047066896 0.5791699844645519 0.22365591397849463 0.2129032258064516
