4 0.5981442862394314 0.5141003546754886 0.04946236559139785 0.012903225806451613
4 0.5846919864709047 0.526937752721395 0.05161290322580645 0.015053763440860216
4 0.6781182506630125 0.5412116411987878 0.02043010752688172 0.03118279569892473
4 0.6084446192589767 0.5285034657415784 0.011827956989247311 0.02903225806451613
4 0.6600200088139359 0.5287520665135286 0.011827956989247311 0.030107526881720432
4 0.6531173998415637 0.44414362814359987 0.03978494623655914 0.012903225806451613
4 0.5512070223916996 0.5143531262465799 0.013978494623655914 0.03870967741935484
4 0.7813502635414126 0.5355467701063319 0.02043010752688172 0.035483870967741936
6 0.702864173575855 0.6809416459504273 0.04838709677419355 0.11935483870967742
6 0.5783332703045435 0.8452867295869528 0.13333333333333333 0.046236559139784944
6 0.3986592439027142 0.7335728229266867 0.13978494623655913 0.053763440860215055
