5 0.7387764688318877 0.06584111697725017 0.008602150537634409 0.012903225806451613
5 0.7288398934694931 0.15813652637667736 0.012903225806451613 0.030107526881720432
5 0.7193451366258654 0.18008632143677314 0.012903225806451613 0.030107526881720432
5 0.7247771347513808 0.2317290205945221 0.010752688172043012 0.01935483870967742
0 0.930940142311034 0.5104766374266693 0.11182795698924732 0.421505376344086
0 0.884590717574991 0.5113105043246527 0.12473118279569892 0.4258064516129032
20 0.6406928695197806 0.5249742530078155 0.05161290322580645 0.2537634408602151
2 0.8699576376186154 0.3630783410285311 0.041935483870967745 0.535483870967742
2 0.29770072642139306 0.35897890621345036 0.03763440860215054 0.4827956989247312
24 0.43614703582173114 0.4703259376852069 0.23440860215053763 0.5849462365591398
