4 0.9469695859717566 0.33716426113870607 0.02795698924731183 0.06236559139784946
4 0.8970766401754502 0.34310335711525836 0.02795698924731183 0.060215053763440864
4 0.8675305384829701 0.3800596368894399 0.02795698924731183 0.060215053763440864
4 0.9157439743204135 0.28887211688112213 0.02795698924731183 0.060215053763440864
2 0.34306892636801173 0.4666398906451198 0.035483870967741936 0.34946236559139787
2 0.8580669664264596 0.40577196748827987 0.03978494623655914 0.3225806451612903
22 0.858562807179415 0.6853907673670122 0.11397849462365592 0.3247311827956989
24 0.2632941571475809 0.6908404050855308 0.22365591397849463 0.578494623655914
24 0.5173416861242834 0.6866995902153895 0.24516129032258063 0.5849462365591398
24 0.7484962284331228 0.6537920856977799 0.23655913978494625 0.5935483870967742
