5 0.49546667293144636 0.32652912181396393 0.008602150537634409 0.015053763440860216
5 0.41832302495571 0.3365003108762381 0.008602150537634409 0.01827956989247312
5 0.38534320978931014 0.9285608644242312 0.21827956989247313 0.025806451612903226
5 0.18335165397923228 0.46494296716617195 0.08064516129032258 0.35698924731182796
2 0.6745807482028019 0.5370604771967193 0.07419354838709677 0.478494623655914
13 0.6097608907866123 0.3812749228650253 0.016129032258064516 0.16129032258064516
13 0.6692060893350593 0.4107728501588276 0.01827956989247312 0.17096774193548386
13 0.7483892552470854 0.3506388619572514 0.01827956989247312 0.17096774193548386
13 0.7552922046475598 0.3831131806605145 0.030107526881720432 0.16989247311827957
13 0.7414590664336783 0.34280822292460955 0.021505376344086023 0.17526881720430107
13 0.7736793282280369 0.3481884316631397 0.02043010752688172 0.17526881720430107
13 0.8760817543094865 0.3633939349189646 0.02043010752688172 0.17311827956989248
13 0.9043912846881755 0.4121945171890887 0.030107526881720432 0.17204301075268819
13 0.9050879410600259 0.3727851893251647 0.02795698924731183 0.16774193548387098
13 0.747170485701295 0.615938539499227 0.030107526881720432 0.16559139784946236
13 0.7853483210531982 0.6615380887513317 0.021505376344086023 0.17096774193548386
13 0.815672443081207 0.6166699186014847 0.021505376344086023 0.17096774193548386
13 0.7827912578448952 0.6148894036066578 0.02795698924731183 0.13548387096774195
13 0.8738504950997293 0.6156883025912385 0.021505376344086023 0.14301075268817204
