5 0.5338318941783344 0.7814265814348514 0.03225806451612903 0.08602150537634409
37 0.9119229108734894 0.43388714407682794 0.16989247311827957 0.613978494623656
5 0.013848432992693858 0.18486338964383192 0.024731182795698924 0.005376344086021506
5 0.02839786826276698 0.17766135781474673 0.025806451612903226 0.0064516129032258064
4 0.06492242543344556 0.18187492473130165 0.08172043010752689 0.010752688172043012
5 0.28492140521997283 0.18123532815252205 0.01827956989247312 0.0064516129032258064
5 0.18712093197801327 0.2948825492270328 0.01827956989247312 0.0064516129032258064
5 0.19792142429506732 0.2610174974020015 0.01827956989247312 0.0064516129032258064
5 0.24281702611867945 0.29944575108002536 0.01827956989247312 0.0064516129032258064
5 0.568041304877578 0.3107221991193211 0.03870967741935484 0.08494623655913978
4 0.2479285314847646 0.24551088495601311 0.024731182795698924 0.06236559139784946
4 0.31019210321481727 0.4636000412182794 0.024731182795698924 0.06236559139784946
4 0.2682433905081583 0.3993604418387288 0.024731182795698924 0.06236559139784946
2 0.20084993342659654 0.4481414647091879 0.11505376344086021 0.3150537634408602
2 0.7066661746481375 0.5340792784199474 0.1043010752688172 0.7279569892473118
30 0.5449664841470763 0.6531460655744388 0.08064516129032258 0.2021505376344086
