14 0.6348464739573696 0.16679631478362344 0.053763440860215055 0.07311827956989247
14 0.6138101730786459 0.7810062539596891 0.04946236559139785 0.13870967741935483
14 0.6266216534636836 0.605822776933677 0.05591397849462366 0.13655913978494624
14 0.6129304392190962 0.4479102149988398 0.04838709677419355 0.12473118279569892
14 0.6104828284349019 0.3058167167509299 0.04946236559139785 0.12795698924731183
5 0.9665866354893567 0.1280904987216061 0.04516129032258064 0.14516129032258066
5 0.9748077124634505 0.31129848902848517 0.041935483870967745 0.09032258064516129
5 0.8259340071030221 0.18819579731275202 0.05161290322580645 0.14731182795698924
2 0.5626864017264172 0.5172162793691739 0.08602150537634409 0.7053763440860215
2 0.9206695636903959 0.4439091793304674 0.07741935483870968 0.6623655913978495
1 0.14750755894644973 0.5710853840321527 0.221505376344086 0.6118279569892473
35 0.4847831208292766 0.5602990991466156 0.13870967741935483 0.5333333333333333
