3 0.5224888199903058 0.9154596788625184 0.03333333333333333 0.010752688172043012
2 0.5212152475708026 0.4274434006388224 0.05053763440860215 0.5516129032258065
13 0.3987082848285709 0.2188797608441882 0.02043010752688172 0.16666666666666666
13 0.6328781354796478 0.36576827528453904 0.02258064516129032 0.16881720430107527
13 0.4856958446368863 0.40116672776384527 0.01827956989247312 0.17096774193548386
13 0.5779883559392159 0.27024496035862267 0.02258064516129032 0.16881720430107527
13 0.6127311414836073 0.30246183669338095 0.02043010752688172 0.16989247311827957
13 0.8229608674114334 0.3558577992808759 0.02258064516129032 0.17419354838709677
13 0.5410621822170664 0.5024686288711119 0.030107526881720432 0.16774193548387098
13 0.5644419784682685 0.5337317482511117 0.02795698924731183 0.14408602150537633
13 0.5329582427424613 0.6777916883758889 0.03655913978494624 0.16774193548387098
13 0.6828490340848177 0.49422432126614557 0.03870967741935484 0.17204301075268819
13 0.634038045996711 0.6168507038160439 0.03870967741935484 0.17849462365591398
13 0.6920052173146966 0.5839924606890062 0.030107526881720432 0.17204301075268819
