2 0.49895613192547333 0.6050429656254735 0.08494623655913978 0.4913978494623656
13 0.5138523832660682 0.5489156802497361 0.00967741935483871 0.08064516129032258
13 0.46212112593649296 0.4186790532914804 0.023655913978494623 0.16666666666666666
13 0.5960973193072139 0.41716996358561237 0.02258064516129032 0.17096774193548386
13 0.4896707615599671 0.4204607897460444 0.03225806451612903 0.17419354838709677
13 0.6471884341768871 0.41024365356335035 0.024731182795698924 0.16881720430107527
13 0.6816431386651823 0.42411282994701655 0.02795698924731183 0.17204301075268819
13 0.6842039861246259 0.4247365603106075 0.025806451612903226 0.16666666666666666
13 0.6848639949097859 0.3555352198188458 0.02258064516129032 0.17096774193548386
13 0.813687529567161 0.569073804141139 0.01935483870967742 0.17096774193548386
13 0.610053620147939 0.6336912018142162 0.02258064516129032 0.16881720430107527
13 0.5145667269961312 0.6215073458511391 0.021505376344086023 0.16881720430107527
13 0.6578617058144409 0.4891943753662372 0.02043010752688172 0.14731182795698924
13 0.5984341600384384 0.5652376681040066 0.030107526881720432 0.16559139784946236
13 0.7315951524392326 0.6925398745924721 0.030107526881720432 0.16989247311827957
