5 0.21379971467198797 0.28729421910167885 0.008602150537634409 0.013978494623655914
5 0.23558606987266975 0.35789080491523234 0.012903225806451613 0.02903225806451613
5 0.2527201292895651 0.3840208322813854 0.012903225806451613 0.02903225806451613
5 0.14367671330424575 0.4639642421863652 0.008602150537634409 0.01935483870967742
20 0.10676772598040836 0.6868749116006172 0.05806451612903226 0.25161290322580643
0 0.347738999547631 0.6722707355751288 0.11397849462365592 0.421505376344086
0 0.20187762319245556 0.6806122173013278 0.12473118279569892 0.4258064516129032
20 0.6857870200090997 0.20781856095007284 0.04516129032258064 0.24731182795698925
20 0.6237072589964321 0.6836325749997381 0.05161290322580645 0.25161290322580643
2 0.20107781216407294 0.5135518128475409 0.041935483870967745 0.5172043010752688
2 0.6416612533766753 0.4491012000803958 0.05913978494623656 0.6741935483870968
22 0.5755658022906788 0.7015989394006478 0.0967741935483871 0.31827956989247314
