4 0.7058454010679406 0.6431920876073216 0.05913978494623656 0.3978494623655914
2 0.6229004809869856 0.5162919102075014 0.07634408602150537 0.47956989247311826
1 0.15395975565838466 0.5172162248850629 0.22580645161290322 0.6021505376344086
13 0.5478913146103336 0.3905370485056598 0.010752688172043012 0.07849462365591398
13 0.5350370295313405 0.3863297349185878 0.02795698924731183 0.16559139784946236
13 0.7265980405878343 0.37943550008195764 0.021505376344086023 0.16881720430107527
13 0.8478721424522403 0.38342654271693266 0.02258064516129032 0.16881720430107527
13 0.7910642121584761 0.3661789414367956 0.030107526881720432 0.16989247311827957
13 0.8491124711806464 0.3720431905179275 0.023655913978494623 0.16881720430107527
13 0.812845189071383 0.3677153942353225 0.023655913978494623 0.17311827956989248
13 0.6879552177589897 0.3348006729748861 0.02258064516129032 0.16881720430107527
13 0.6973385886317318 0.5724344968810234 0.023655913978494623 0.16774193548387098
13 0.7736031102772604 0.5918628115210152 0.02795698924731183 0.16774193548387098
13 0.8557960673568323 0.6317835466162629 0.02043010752688172 0.14301075268817204
13 0.8316564783804169 0.5867721451310852 0.03225806451612903 0.16989247311827957
13 0.6431897365009621 0.35265797460127407 0.030107526881720432 0.17204301075268819
