4 0.738432096843281 0.71846959649524 0.1010752688172043 0.08172043010752689
4 0.7269029420049228 0.723625130905715 0.1032258064516129 0.08387096774193549
8 0.8319566715690885 0.4853180587849486 0.2 0.15268817204301074
18 0.873689342271154 0.3763412464423933 0.22580645161290322 0.16989247311827957
2 0.3934506097037742 0.5482303821233786 0.7526881720430108 0.5806451612903226
13 0.4847844158129487 0.8966384264642766 0.12903225806451613 0.1053763440860215
19 0.3284943616322965 0.45088837880838273 0.45161290322580644 0.34838709677419355
21 0.5898087886874588 0.28295292195742056 0.3053763440860215 0.23225806451612904
9 0.14209719419089883 0.4210583140590122 0.26666666666666666 0.2064516129032258
9 0.5601483148590505 0.7092948261835368 0.26881720430107525 0.2086021505376344
