4 0.8486689123244201 0.14533962921078436 0.1913978494623656 0.15053763440860216
4 0.28343028967436573 0.19681583415820977 0.1053763440860215 0.08387096774193549
4 0.28537364444158264 0.11220228140060995 0.1032258064516129 0.08172043010752689
4 0.6865927561924559 0.44816293490585907 0.1010752688172043 0.07526881720430108
4 0.7023111668600429 0.43407874275724395 0.0989247311827957 0.07311827956989247
0 0.8030161607092706 0.15361037820861484 0.2645161290322581 0.2086021505376344
18 0.5094167075600003 0.5118190151157442 0.23225806451612904 0.17204301075268819
2 0.39489805025016134 0.3107470316282225 0.7634408602150538 0.5419354838709678
2 0.5629496390502662 0.7387172327423459 0.5591397849462365 0.410752688172043
38 0.3823937860342711 0.6919450172828313 0.23870967741935484 0.18494623655913978
21 0.1546578001792635 0.20231162301396735 0.2967741935483871 0.22795698924731184
9 0.5506199924515187 0.4602837260910174 0.2731182795698925 0.2086021505376344
