4 0.7486972250515094 0.39455668837305513 0.1010752688172043 0.08172043010752689
4 0.7166689057034802 0.4404692345879401 0.1010752688172043 0.08172043010752689
8 0.8241942134051734 0.22434147701107332 0.1978494623655914 0.15053763440860216
18 0.820326356728278 0.29599655620010146 0.22795698924731184 0.17204301075268819
2 0.4775918964562781 0.34138563561272184 0.7612903225806451 0.5612903225806452
13 0.4465650595142502 0.6458653682979926 0.12258064516129032 0.0989247311827957
13 0.5810981778904465 0.7647909794951349 0.13978494623655913 0.1053763440860215
19 0.34080217052277334 0.24689493008229968 0.4559139784946237 0.36989247311827955
9 0.19593963416099197 0.1973283962280169 0.26666666666666666 0.210752688172043
9 0.6116307863715208 0.4913593794646779 0.26881720430107525 0.2064516129032258
