26 0.12224315494244356 0.13222094292094178 0.24086021505376345 0.1870967741935484
4 0.7112756322020591 0.32599669449909147 0.08602150537634409 0.07526881720430108
4 0.7664579116721301 0.48487563589305005 0.10967741935483871 0.09032258064516129
33 0.39541869024974935 0.619698030152941 0.14838709677419354 0.12903225806451613
8 0.285867450474642 0.536494234570014 0.2086021505376344 0.15913978494623657
8 0.30114936225912353 0.5418660041139682 0.2064516129032258 0.15483870967741936
2 0.44084279120157316 0.3010993346603097 0.5763440860215053 0.44086021505376344
13 0.4029584348486859 0.26509202291104317 0.11612903225806452 0.08387096774193549
13 0.5969767220771229 0.3146134371108501 0.10752688172043011 0.08602150537634409
13 0.620854961526504 0.35642977549513605 0.11182795698924732 0.08817204301075268
13 0.6533950261829063 0.48939888646421853 0.12043010752688173 0.07741935483870968
