0 0.26895548612774667 0.20099366714711325 0.23655913978494625 0.18064516129032257
4 0.3615646534665142 0.8978910224466025 0.1053763440860215 0.08387096774193549
4 0.072345503983625 0.4989755409170097 0.0989247311827957 0.07741935483870968
4 0.08661743294132927 0.5416522556418619 0.1053763440860215 0.08172043010752689
18 0.20812934544105316 0.2287540726285751 0.23010752688172043 0.17419354838709677
18 0.7296744127532981 0.12383364471626107 0.24086021505376345 0.18494623655913978
17 0.39127885357799175 0.2204465656278798 0.24301075268817204 0.1827956989247312
13 0.21269681944307842 0.5745102386257736 0.13548387096774195 0.0967741935483871
13 0.07223552780379339 0.8591134232361028 0.12688172043010754 0.1032258064516129
28 0.5800304043867782 0.2902388628245144 0.33763440860215055 0.25591397849462366
