4 0.31829472375361206 0.8686274073084845 0.11182795698924732 0.09032258064516129
4 0.4286275877428176 0.8157713723861881 0.10967741935483871 0.08817204301075268
4 0.07394152828235356 0.44244793824431883 0.12688172043010754 0.1010752688172043
4 0.1112058328681556 0.40237615499182494 0.1053763440860215 0.08387096774193549
4 0.12416246240939666 0.4099283597450963 0.1053763440860215 0.08387096774193549
4 0.37841334465239035 0.14161675858545714 0.11182795698924732 0.08817204301075268
0 0.18952084855207832 0.2383507463684137 0.24086021505376345 0.1935483870967742
26 0.4746594273236303 0.11287457866673345 0.2709677419354839 0.2086021505376344
13 0.10915435013272827 0.5099943853906767 0.10752688172043011 0.07096774193548387
13 0.1897268086320887 0.8066469377958377 0.10752688172043011 0.07096774193548387
28 0.7004358143157654 0.28788300530448585 0.3333333333333333 0.25591397849462366
