4 0.8440235971678485 0.4150780215167415 0.1032258064516129 0.09032258064516129
4 0.8315993818350572 0.43253109727416095 0.1032258064516129 0.09032258064516129
4 0.194237509488077 0.14525388200222328 0.24301075268817204 0.1935483870967742
33 0.29490799279776203 0.558982394413267 0.16129032258064516 0.14193548387096774
33 0.4702228601027494 0.6782801771089882 0.16129032258064516 0.14193548387096774
2 0.47014535547768954 0.24426873135360316 0.5849462365591398 0.432258064516129
13 0.281372540599124 0.09483136672227092 0.12688172043010754 0.1010752688172043
13 0.41263630290922965 0.21497765618040043 0.12903225806451613 0.09462365591397849
13 0.44246941408227103 0.2951815800820632 0.12688172043010754 0.0989247311827957
13 0.6133047997989904 0.32548432598788624 0.13763440860215054 0.1010752688172043
