4 0.888278922930492 0.538925475362292 0.07096774193548387 0.05591397849462366
4 0.7257131281293385 0.4552815196761971 0.11182795698924732 0.08602150537634409
4 0.40984748035058083 0.6012990035593844 0.23440860215053763 0.1870967741935484
2 0.6519221607105615 0.40109984000189625 0.5763440860215053 0.421505376344086
2 0.8525214896789346 0.6196745570255818 0.13548387096774195 0.1010752688172043
2 0.9120916788492843 0.4591233195720411 0.16129032258064516 0.12043010752688173
13 0.6645937736997515 0.20470781075816075 0.11827956989247312 0.08387096774193549
13 0.6527953466694127 0.33139355629611067 0.12043010752688173 0.08602150537634409
13 0.45482843761160313 0.16699443311983547 0.12473118279569892 0.09032258064516129
13 0.5678730587074461 0.29903228490924555 0.12688172043010754 0.08387096774193549
13 0.5904502613394093 0.4789913832710623 0.11612903225806452 0.09032258064516129
13 0.5720052679888574 0.4433972450279302 0.12258064516129032 0.08817204301075268
38 0.2935602643872866 0.1855864377537697 0.23655913978494625 0.18494623655913978
