5 0.8895666723439513 0.5897463929550573 0.021505376344086023 0.021505376344086023
8 0.8869687112415973 0.5689048241393477 0.18494623655913978 0.14193548387096774
7 0.6161052489977533 0.40710386351588207 0.1053763440860215 0.08172043010752689
7 0.530649969041147 0.5274686612431447 0.1032258064516129 0.07956989247311828
7 0.6035058687145975 0.43338750049593094 0.1032258064516129 0.07741935483870968
7 0.47163514476974755 0.31245775083027155 0.12258064516129032 0.09462365591397849
7 0.5151035610813297 0.34633789608299914 0.1032258064516129 0.07956989247311828
7 0.5748894745866135 0.2774386835280414 0.1010752688172043 0.07741935483870968
18 0.1407510893796392 0.1594867469761456 0.23870967741935484 0.17204301075268819
18 0.2090068569369922 0.12884401682363714 0.23225806451612904 0.16559139784946236
18 0.5151164274506931 0.4083818947034223 0.23655913978494625 0.17849462365591398
2 0.4128798629148523 0.3741515139627147 0.6645161290322581 0.4731182795698925
9 0.3437792670382143 0.504212938420842 0.2838709677419355 0.2129032258064516
