18 0.24326669312354396 0.49614764431062847 0.23655913978494625 0.1827956989247312
7 0.6141286827488202 0.2999537583652842 0.0967741935483871 0.07526881720430108
7 0.6284062745852235 0.28648652381916906 0.1053763440860215 0.08387096774193549
18 0.5436306174619515 0.3227664588239664 0.1956989247311828 0.15053763440860216
18 0.4169919058680821 0.1481857845562229 0.2709677419354839 0.2064516129032258
18 0.30971159898665146 0.15758241672051482 0.23225806451612904 0.17849462365591398
2 0.47539954662946005 0.23831645773602136 0.45806451612903226 0.33548387096774196
2 0.4677352859660262 0.6052987650416012 0.5827956989247312 0.41935483870967744
13 0.468299065117536 0.5723726681413231 0.13978494623655913 0.1032258064516129
13 0.46255518706264265 0.6438297877792462 0.13763440860215054 0.0989247311827957
13 0.694960470164394 0.49590276506665776 0.13548387096774195 0.0967741935483871
13 0.649914385656625 0.7725424635006122 0.11397849462365592 0.07956989247311828
13 0.6239481542304247 0.78712413734207 0.12473118279569892 0.07956989247311828
