7 0.44678024206079026 0.732871530919836 0.1032258064516129 0.08172043010752689
7 0.558624894181236 0.682264135792316 0.1032258064516129 0.08172043010752689
2 0.24940102130104153 0.8889385186838122 0.28817204301075267 0.21505376344086022
8 0.2380245651889727 0.8218498388834563 0.24731182795698925 0.1913978494623656
8 0.36957721088621387 0.5521271418411658 0.2731182795698925 0.20430107526881722
8 0.3838643014001223 0.6899955804666892 0.2021505376344086 0.15268817204301074
18 0.2906209659081307 0.5721274004445572 0.23655913978494625 0.17634408602150536
17 0.42410472921816844 0.141287415511414 0.24516129032258063 0.18494623655913978
2 0.5665860413636197 0.2941805676434768 0.6473118279569893 0.4989247311827957
2 0.43602209704290623 0.5542071210184079 0.45806451612903226 0.33548387096774196
13 0.6331664779001495 0.8756341578820125 0.10752688172043011 0.07741935483870968
9 0.2950196223172991 0.13385877232191662 0.2709677419354839 0.20430107526881722
