4 0.6694589347202693 0.7561577479383008 0.1010752688172043 0.07741935483870968
4 0.7067824973951128 0.6868097251278212 0.1010752688172043 0.07741935483870968
4 0.2736471693999548 0.4266248930115605 0.1053763440860215 0.07956989247311828
4 0.2703159302532317 0.4109475256833055 0.10752688172043011 0.08172043010752689
8 0.3072893873555406 0.898545946467081 0.22043010752688172 0.16236559139784945
8 0.8858813390661203 0.4163374388969384 0.1978494623655914 0.15483870967741936
9 0.7966813506931569 0.4457432586389334 0.2645161290322581 0.2064516129032258
18 0.5314803747836881 0.7596326250548656 0.23225806451612904 0.17204301075268819
2 0.39535347261031517 0.5704526368245337 0.7784946236559139 0.5720430107526882
2 0.6821220352185837 0.32538694038881266 0.6086021505376344 0.4645161290322581
21 0.1729269445693837 0.4568213298493881 0.3053763440860215 0.23440860215053763
9 0.46514577362791243 0.2208717576474317 0.27956989247311825 0.2172043010752688
9 0.581237056755818 0.7449148083924948 0.2709677419354839 0.2064516129032258
