4 0.46666525372137385 0.6543042887033637 0.25591397849462366 0.1956989247311828
4 0.5234244840277865 0.43962326229686965 0.24731182795698925 0.1870967741935484
18 0.8782213122618878 0.21950695468516457 0.23225806451612904 0.16774193548387098
2 0.44842199494505225 0.3733909508626987 0.7720430107526882 0.5419354838709678
2 0.5416911838616907 0.7800115554263723 0.5548387096774193 0.4043010752688172
13 0.3463028331295712 0.7190780877807813 0.12473118279569892 0.09462365591397849
13 0.6796127691821588 0.7775797011620131 0.12473118279569892 0.09462365591397849
13 0.8823746243982181 0.7318732035114324 0.12473118279569892 0.08602150537634409
19 0.4185595924313462 0.18512108811989653 0.45376344086021503 0.35913978494623655
9 0.3169053611006273 0.2604515084137944 0.26666666666666666 0.210752688172043
9 0.6436798657667727 0.5232613428037463 0.2709677419354839 0.2064516129032258
