4 0.860041016031099 0.4409270138439622 0.10967741935483871 0.08387096774193549
8 0.2284384616796303 0.1958218664375658 0.24301075268817204 0.1827956989247312
33 0.37136180847830313 0.5044723953160869 0.15268817204301074 0.12688172043010754
33 0.3720484621278579 0.7017393980443167 0.15053763440860216 0.12688172043010754
2 0.45645719380367716 0.31656587651678386 0.5870967741935483 0.42795698924731185
13 0.3367017474398121 0.16564500502527563 0.12043010752688173 0.09247311827956989
13 0.40034956980267794 0.28756284701051793 0.12473118279569892 0.09462365591397849
13 0.6981073829456146 0.1475418503445418 0.12258064516129032 0.08602150537634409
13 0.8213643652494264 0.37394141251012714 0.11182795698924732 0.08172043010752689
13 0.5793250488672567 0.3658912131128001 0.12258064516129032 0.07741935483870968
13 0.6330200540124465 0.4681506355455473 0.13763440860215054 0.08387096774193549
13 0.6284046353387539 0.5687329786995504 0.12473118279569892 0.07526881720430108
