33 0.338430659069409 0.746118791347857 0.24516129032258063 0.06451612903225806
2 0.3485766177682945 0.13215436984786438 0.28817204301075267 0.030107526881720432
2 0.4154465661116286 0.2213910346343553 0.47096774193548385 0.03225806451612903
2 0.4259072650371022 0.38594314269692626 0.47096774193548385 0.03655913978494624
2 0.4356134028652629 0.5100894944459733 0.4666666666666667 0.04086021505376344
2 0.38485772910963756 0.6132524863087618 0.4258064516129032 0.03225806451612903
2 0.39769722579427097 0.7692921670386538 0.421505376344086 0.03655913978494624
2 0.34682568935043606 0.9337414501248109 0.432258064516129 0.034408602150537634
16 0.41933453559658734 0.28902013402766535 0.42795698924731185 0.07096774193548387
16 0.4261337596492302 0.47131008593843504 0.43870967741935485 0.07956989247311828
30 0.3981676087809738 0.5403207284849152 0.3655913978494624 0.06236559139784946
