27 0.34825939758760716 0.18039302195798068 0.12258064516129032 0.15483870967741936
2 0.5741680601078313 0.6061833850647 0.38924731182795697 0.5397849462365591
2 0.4440342327407068 0.47283544906275904 0.26021505376344084 0.35698924731182796
2 0.2788067524499811 0.23443146969489911 0.23010752688172043 0.3311827956989247
2 0.2121482785604562 0.24858212770163696 0.16344086021505377 0.22795698924731184
10 0.2866884923592303 0.5541481627909355 0.18064516129032257 0.2623655913978495
10 0.5208376623848142 0.6852933516310226 0.1913978494623656 0.26021505376344084
10 0.4981552750112612 0.8530599976564051 0.1956989247311828 0.25806451612903225
20 0.7194693100368574 0.4346847659125029 0.1870967741935484 0.2623655913978495
15 0.6854937520761415 0.48396222796080046 0.2021505376344086 0.2817204301075269
