4 0.39334183169286413 0.2739208454985293 0.05591397849462366 0.047311827956989246
5 0.6627406523612419 0.2861201122878406 0.12258064516129032 0.13333333333333333
2 0.5861457803350387 0.2558665329567475 0.1870967741935484 0.2064516129032258
2 0.6754085100484414 0.3203711934627204 0.1827956989247312 0.2
13 0.4485518874548841 0.7181171430652018 0.12258064516129032 0.13333333333333333
13 0.2610993319233204 0.8583434110596435 0.13763440860215054 0.14623655913978495
6 0.5785182249401963 0.13382445871658152 0.053763440860215055 0.053763440860215055
6 0.5612814979633266 0.18455646719261048 0.05161290322580645 0.05591397849462366
6 0.4707679484811759 0.2193345788272557 0.053763440860215055 0.05591397849462366
6 0.5028968330833956 0.3222358517396426 0.04946236559139785 0.053763440860215055
