39 0.8644263319928672 0.2347193324737621 0.008602150537634409 0.012903225806451613
39 0.8885710741223283 0.2148103726933593 0.008602150537634409 0.010752688172043012
39 0.8986186190947538 0.2111896212649016 0.010752688172043012 0.012903225806451613
39 0.8643280136230449 0.2246159742700552 0.008602150537634409 0.010752688172043012
39 0.8562991748545471 0.19336824234950412 0.010752688172043012 0.012903225806451613
39 0.8476851078572749 0.19212907362657738 0.008602150537634409 0.012903225806451613
39 0.7865902608270205 0.2420121671122068 0.008602150537634409 0.012903225806451613
39 0.8477355870421109 0.232766637743793 0.010752688172043012 0.012903225806451613
39 0.8235762086542204 0.23684405708651127 0.008602150537634409 0.012903225806451613
39 0.8322085900910187 0.22650946608564995 0.008602150537634409 0.010752688172043012
39 0.7618960143472377 0.2254471454736345 0.010752688172043012 0.008602150537634409
39 0.6424848380958393 0.4520979725117622 0.012903225806451613 0.012903225806451613
39 0.6462531842813536 0.45575254500847423 0.012903225806451613 0.012903225806451613
3 0.6422592043306751 0.6146844163845004 0.021505376344086023 0.021505376344086023
3 0.6795914669813703 0.551123933379219 0.025806451612903226 0.025806451612903226
3 0.6672942589299001 0.5084345384103095 0.01935483870967742 0.01935483870967742
39 0.5971354933989855 0.6220283265730343 0.021505376344086023 0.021505376344086023
39 0.605863653226917 0.5694817346957134 0.01935483870967742 0.021505376344086023
3 0.43632295004339106 0.6233753856723696 0.021505376344086023 0.021505376344086023
3 0.47339526027344225 0.5619575574809123 0.025806451612903226 0.025806451612903226
3 0.4883195805672902 0.5460310055447848 0.023655913978494623 0.023655913978494623
3 0.4855224246250775 0.5578383368630982 0.023655913978494623 0.021505376344086023
3 0.529499201911854 0.6318138174128188 0.023655913978494623 0.021505376344086023
3 0.5085461903131497 0.5773731063918209 0.021505376344086023 0.021505376344086023
3 0.5340014231542511 0.5723461909868144 0.021505376344086023 0.021505376344086023
3 0.5078478666403369 0.5753199155802894 0.01935483870967742 0.01935483870967742
3 0.5338631862752066 0.574315620753954 0.023655913978494623 0.023655913978494623
39 0.5500219331298085 0.5839860965797146 0.021505376344086023 0.023655913978494623
39 0.5218927140598271 0.6406269869323121 0.021505376344086023 0.021505376344086023
39 0.5411315026408413 0.6248705743020494 0.01935483870967742 0.021505376344086023
39 0.5012148524132214 0.6288678405352478 0.01935483870967742 0.021505376344086023
3 0.4661429522692922 0.5606747973300072 0.021505376344086023 0.021505376344086023
39 0.5859540373973029 0.5880194267274198 0.01935483870967742 0.01935483870967742
39 0.5875293403119981 0.5550853821205456 0.01935483870967742 0.021505376344086023
39 0.5266772421730888 0.5986445383532245 0.021505376344086023 0.021505376344086023
3 0.6058125077415227 0.6617147371605551 0.01935483870967742 0.01935483870967742
39 0.52470639652064 0.6340142366901138 0.021505376344086023 0.021505376344086023
39 0.5246337338392199 0.5844087906656377 0.01935483870967742 0.021505376344086023
39 0.42052735626148596 0.5137269956311502 0.021505376344086023 0.023655913978494623
39 0.603269800728896 0.5232469605945579 0.021505376344086023 0.023655913978494623
3 0.5878364346968457 0.6178428135797835 0.021505376344086023 0.021505376344086023
3 0.5371886428805972 0.5859695863597488 0.021505376344086023 0.021505376344086023
3 0.5288888810360023 0.5331279272436651 0.021505376344086023 0.021505376344086023
3 0.5551925580310579 0.5645300004947167 0.021505376344086023 0.01935483870967742
3 0.507735257672792 0.5720149429547197 0.021505376344086023 0.01935483870967742
3 0.5042101578085527 0.5467814444371705 0.01935483870967742 0.01935483870967742
3 0.537001394734661 0.5163235603921303 0.01935483870967742 0.01935483870967742
39 0.5500072989712477 0.526924208231757 0.023655913978494623 0.023655913978494623
39 0.48222272557607354 0.47967273312538283 0.021505376344086023 0.023655913978494623
39 0.7142255486854432 0.4786010452951692 0.015053763440860216 0.015053763440860216
39 0.7222931829960055 0.4910684554597479 0.017204301075268817 0.017204301075268817
39 0.7044874099564797 0.5008885307829313 0.017204301075268817 0.017204301075268817
39 0.6989810777560103 0.49766425058919284 0.017204301075268817 0.017204301075268817
39 0.6792580001236957 0.46827115702153443 0.015053763440860216 0.015053763440860216
39 0.6595509925542723 0.44975701532555806 0.015053763440860216 0.015053763440860216
39 0.7798692186883599 0.5380669896474616 0.015053763440860216 0.015053763440860216
39 0.7229652702114471 0.49315164335728656 0.017204301075268817 0.017204301075268817
39 0.7168800886769459 0.47338421454477886 0.015053763440860216 0.015053763440860216
39 0.7659818713547438 0.4077910240954359 0.015053763440860216 0.017204301075268817
39 0.6182105043444793 0.45716683331624486 0.015053763440860216 0.017204301075268817
39 0.7374288541178656 0.46855480782744696 0.015053763440860216 0.015053763440860216
39 0.6497284858396368 0.4012840189676369 0.01935483870967742 0.01935483870967742
39 0.6583111550824959 0.39906089700847164 0.017204301075268817 0.017204301075268817
39 0.6575843216761272 0.40896920747009 0.015053763440860216 0.017204301075268817
39 0.6491557240249315 0.4021417523450196 0.017204301075268817 0.017204301075268817
39 0.6211713336669462 0.3984546284570763 0.017204301075268817 0.01935483870967742
39 0.6408805291514084 0.41446396099078664 0.015053763440860216 0.015053763440860216
39 0.636681733246194 0.38395972441121584 0.017204301075268817 0.017204301075268817
39 0.6202327937430245 0.4095226510557212 0.015053763440860216 0.015053763440860216
39 0.5063547057550847 0.4333478501640797 0.01935483870967742 0.01935483870967742
39 0.6106693891991934 0.40199247077414174 0.023655913978494623 0.023655913978494623
39 0.5316526401281868 0.49812278592615944 0.01935483870967742 0.01935483870967742
39 0.6130272224451359 0.34579966020334596 0.021505376344086023 0.023655913978494623
39 0.6098247249078139 0.43551072914618766 0.023655913978494623 0.025806451612903226
39 0.5275002724116998 0.42424748288897934 0.021505376344086023 0.021505376344086023
39 0.5561480258844462 0.39988458160448165 0.021505376344086023 0.021505376344086023
39 0.7016941990011448 0.5048995299292576 0.023655913978494623 0.023655913978494623
39 0.6394425352571144 0.570476277125431 0.021505376344086023 0.023655913978494623
39 0.6186105887410622 0.5377062959193463 0.017204301075268817 0.017204301075268817
39 0.6215525529116323 0.5502289437726445 0.01935483870967742 0.01935483870967742
39 0.6257286670208617 0.5453621361280704 0.01935483870967742 0.021505376344086023
39 0.595983844711335 0.5816383873205913 0.01935483870967742 0.021505376344086023
39 0.6789191255864016 0.49668429309115175 0.021505376344086023 0.021505376344086023
39 0.6328503939833816 0.549582575417751 0.01935483870967742 0.021505376344086023
39 0.6329535908791913 0.4933336295609685 0.023655913978494623 0.023655913978494623
39 0.5767964154961308 0.5031954886542712 0.021505376344086023 0.021505376344086023
39 0.5756008864665232 0.4932322963103857 0.021505376344086023 0.021505376344086023
39 0.516655772381034 0.40374289222085136 0.021505376344086023 0.023655913978494623
39 0.5633268990639078 0.49253878893797376 0.025806451612903226 0.025806451612903226
39 0.513684848704757 0.4467427071291404 0.023655913978494623 0.023655913978494623
39 0.525793488378463 0.42833867876939674 0.023655913978494623 0.023655913978494623
39 0.50521621932173 0.4407997449209265 0.021505376344086023 0.023655913978494623
39 0.5285265707295801 0.5032083718969886 0.021505376344086023 0.021505376344086023
13 0.1758475305580749 0.9008713781802987 0.17204301075268819 0.012903225806451613
