3 0.6098559004586581 0.4488768566061129 0.030107526881720432 0.03225806451612903
3 0.7918177998113506 0.36298233401652713 0.01935483870967742 0.021505376344086023
3 0.8125428460543834 0.38691640500486774 0.01935483870967742 0.021505376344086023
3 0.6037824912746325 0.45361067871342425 0.02795698924731183 0.030107526881720432
3 0.8237991598817549 0.3802583160335593 0.008602150537634409 0.021505376344086023
3 0.7884012713560108 0.3606926735582825 0.017204301075268817 0.01935483870967742
3 0.7825809445342778 0.3449589866367034 0.021505376344086023 0.021505376344086023
3 0.7783465406677467 0.38576471452430616 0.034408602150537634 0.03655913978494624
4 0.6926207303592652 0.3451989571080851 0.12043010752688173 0.13333333333333333
4 0.6957114342002653 0.42566425966867993 0.07741935483870968 0.08172043010752689
2 0.5875249661880271 0.343686109643244 0.1870967741935484 0.2
2 0.6795277710592323 0.41058229843285343 0.17419354838709677 0.2
13 0.4634813915055471 0.7579424034453658 0.14408602150537633 0.15698924731182795
6 0.5689074047218114 0.21656203218244982 0.047311827956989246 0.05161290322580645
6 0.5277956630659769 0.2766658548353481 0.04946236559139785 0.053763440860215055
6 0.3827590953336556 0.38554327528518106 0.053763440860215055 0.053763440860215055
