5 0.597618890161927 0.2302717362609678 0.05591397849462366 0.047311827956989246
27 0.9151233738599178 0.19133329635124172 0.12043010752688173 0.12903225806451613
2 0.7902755643903705 0.18023549815597115 0.18064516129032257 0.2
2 0.8769638609527995 0.25912243487118247 0.17419354838709677 0.1978494623655914
13 0.27133468301278413 0.522765234180026 0.15268817204301074 0.14408602150537633
13 0.11535589880465195 0.7239136043957103 0.13763440860215054 0.12688172043010754
13 0.45112503958421374 0.8215029143518097 0.12473118279569892 0.13763440860215054
6 0.7773253906040011 0.07791937295363421 0.05161290322580645 0.04946236559139785
6 0.7337548181388702 0.1044025174430701 0.05161290322580645 0.053763440860215055
6 0.6495707885552905 0.09190475514928721 0.05161290322580645 0.05161290322580645
6 0.6885547285897462 0.3959838989656437 0.047311827956989246 0.05161290322580645
