4 0.3799335329907824 0.392788256596473 0.13118279569892474 0.17419354838709677
4 0.20301144787792968 0.26502000822320454 0.25806451612903225 0.35913978494623655
2 0.3866288107034055 0.6316220013550018 0.3720430107526882 0.5376344086021505
2 0.3415883062804213 0.38569460516592985 0.2645161290322581 0.3548387096774194
2 0.14948974558386732 0.2422525613204453 0.22795698924731184 0.3311827956989247
2 0.11729236229076019 0.2713860701061608 0.15053763440860216 0.21505376344086022
15 0.1894293230913453 0.6574417642360525 0.1956989247311828 0.27741935483870966
10 0.2978244535500152 0.27566121131635546 0.1913978494623656 0.2623655913978495
10 0.2697290161131407 0.6975441265620058 0.18494623655913978 0.25591397849462366
10 0.4081372780040384 0.7640529931013222 0.18064516129032257 0.25161290322580643
22 0.536942838803384 0.8327077282093961 0.221505376344086 0.30752688172043013
