2 0.3275378247558509 0.4662790090233315 0.03333333333333333 0.9129032258064517
13 0.4529294623312272 0.2123904738458141 0.04838709677419355 0.33225806451612905
13 0.49954950332503284 0.23121860001550004 0.04838709677419355 0.33225806451612905
13 0.5739525343213377 0.21773244240543677 0.04838709677419355 0.33225806451612905
13 0.6569406762513261 0.27323899581034455 0.04838709677419355 0.33225806451612905
13 0.6750812294354257 0.223832687848552 0.04838709677419355 0.33440860215053764
13 0.7689131155164308 0.21186550411493624 0.04838709677419355 0.33225806451612905
13 0.45519541726207796 0.6709575694775018 0.05591397849462366 0.33548387096774196
13 0.5152180005712974 0.6913298203285161 0.05806451612903226 0.2903225806451613
13 0.5548875447259398 0.6403824711824051 0.07096774193548387 0.33548387096774196
13 0.6697841631235532 0.6630920229769565 0.07096774193548387 0.33548387096774196
13 0.684821288971803 0.6401549029692233 0.06881720430107527 0.34838709677419355
13 0.7239456161464473 0.6714755401552255 0.06881720430107527 0.34838709677419355
