2 0.390015750548767 0.45705951005526746 0.02903225806451613 0.8956989247311828
13 0.2475812027794985 0.2842802244844514 0.07311827956989247 0.32903225806451614
13 0.44519921761846426 0.20150990979608294 0.05268817204301075 0.32903225806451614
13 0.4928431013868312 0.2674990125029414 0.05268817204301075 0.32903225806451614
13 0.5564407006941062 0.210092805048067 0.047311827956989246 0.3365591397849462
13 0.5986736124058636 0.26436269100583476 0.04838709677419355 0.3365591397849462
13 0.7226165938330477 0.18891251930962352 0.04838709677419355 0.33763440860215055
13 0.4466624987355918 0.6433274743631049 0.04838709677419355 0.33763440860215055
13 0.5602926662544184 0.6485521176660548 0.06236559139784946 0.33978494623655914
13 0.642100881079977 0.6799938111078652 0.06451612903225806 0.33978494623655914
13 0.6609660240051919 0.6303877398202615 0.06666666666666667 0.35053763440860214
13 0.5003284762564634 0.6470266958220665 0.06236559139784946 0.2924731182795699
