3 0.8389308568933459 0.3468042442273668 0.012903225806451613 0.023655913978494623
3 0.9460672586255061 0.33407364682734914 0.024731182795698924 0.05913978494623656
3 0.9249060388856992 0.30708388229322964 0.024731182795698924 0.05913978494623656
3 0.8956368820582729 0.32417920823037055 0.024731182795698924 0.05913978494623656
22 0.8516731224276871 0.6284261079011875 0.11182795698924732 0.3225806451612903
24 0.2420555204982896 0.5143201079603932 0.2129032258064516 0.5655913978494623
24 0.49312617625808985 0.567866454000759 0.23870967741935484 0.5720430107526882
24 0.6335249570012736 0.5532295844589666 0.221505376344086 0.5591397849462365
2 0.38826983715893815 0.34309208961986 0.016129032258064516 0.2903225806451613
2 0.8451709875604245 0.28063818044399724 0.01827956989247312 0.3021505376344086
