3 0.8973221417350709 0.4128537601586863 0.03870967741935484 0.043010752688172046
3 0.8727086044564909 0.40018946538250366 0.03870967741935484 0.03870967741935484
3 0.860103842033679 0.3931550766669798 0.03655913978494624 0.03655913978494624
3 0.8344179208467584 0.3837479075382894 0.03870967741935484 0.03870967741935484
5 0.7871168273464828 0.3603403407691587 0.060215053763440864 0.06236559139784946
5 0.5239413182233513 0.581687022071951 0.05591397849462366 0.05806451612903226
5 0.5059130991901163 0.5565763537306577 0.053763440860215055 0.05591397849462366
4 0.6781774571607402 0.5150701757830766 0.14623655913978495 0.16129032258064516
6 0.0778007091803334 0.4366030252108786 0.10752688172043011 0.10752688172043011
6 0.3800273943209205 0.19247248942302417 0.1053763440860215 0.1032258064516129
6 0.45177296740323575 0.11391563237051208 0.0989247311827957 0.10967741935483871
2 0.4685757475599968 0.33975081324078077 0.35268817204301073 0.3956989247311828
2 0.6443320730356641 0.48771926693686063 0.3548387096774194 0.4
30 0.6544098983558229 0.38994050279670606 0.23225806451612904 0.26666666666666666
