6 0.24671590141363242 0.39991140127988795 0.1010752688172043 0.1053763440860215
6 0.4710731795615328 0.1992974721155396 0.0989247311827957 0.1032258064516129
5 0.3778758725210727 0.719389359622712 0.053763440860215055 0.05806451612903226
5 0.5437463005180476 0.687921930934307 0.05591397849462366 0.06236559139784946
3 0.8129099597466206 0.4644511121539461 0.03655913978494624 0.03870967741935484
3 0.8027227293461833 0.4676257779800997 0.03655913978494624 0.04086021505376344
3 0.7785794273598654 0.34290839680027446 0.03870967741935484 0.04086021505376344
3 0.779027492798758 0.45878548001656405 0.06236559139784946 0.06666666666666667
6 0.4329225271300141 0.24534206102641143 0.0989247311827957 0.1010752688172043
6 0.4724274116456323 0.21335184317638514 0.0989247311827957 0.11397849462365592
2 0.4307866290901895 0.4272761243021138 0.35268817204301073 0.3978494623655914
2 0.576075933601097 0.5222591605703248 0.35268817204301073 0.3978494623655914
30 0.6152571296896729 0.4813476349022988 0.24086021505376345 0.26021505376344084
