4 0.7586507341432487 0.23734929882077246 0.023655913978494623 0.023655913978494623
4 0.7413606430773384 0.29710563470254703 0.043010752688172046 0.034408602150537634
4 0.7654535885911725 0.28456800619308187 0.04086021505376344 0.034408602150537634
4 0.9400645723243591 0.33481483156850267 0.11182795698924732 0.08817204301075268
4 0.832846309047686 0.25320471544869916 0.1032258064516129 0.08172043010752689
4 0.6187000053624343 0.3692377467900035 0.01935483870967742 0.021505376344086023
4 0.6294378660742358 0.38168357462249436 0.021505376344086023 0.023655913978494623
4 0.6403338301807688 0.3896395415504064 0.01935483870967742 0.021505376344086023
4 0.6482949295346857 0.383148166574746 0.01935483870967742 0.021505376344086023
7 0.7410881199532195 0.3806428452812669 0.04946236559139785 0.053763440860215055
7 0.6783172971507414 0.3319280246024918 0.047311827956989246 0.05161290322580645
7 0.6898817484439704 0.3297455442468495 0.05161290322580645 0.05591397849462366
7 0.7100071759360742 0.3519459989224427 0.053763440860215055 0.05806451612903226
7 0.7232280069654472 0.3664839325169835 0.05161290322580645 0.05591397849462366
7 0.872265983658051 0.49985229030020234 0.07526881720430108 0.07956989247311828
7 0.9038236938871136 0.5384955685950971 0.06666666666666667 0.06881720430107527
7 0.9001356477583081 0.5233289650792949 0.06451612903225806 0.06666666666666667
7 0.7538566866165467 0.45149144452550616 0.053763440860215055 0.05591397849462366
7 0.7698895436994471 0.45748967438429644 0.05161290322580645 0.053763440860215055
7 0.8145531462942194 0.4613910220306742 0.07526881720430108 0.07956989247311828
7 0.8341729974662027 0.470113519820872 0.07526881720430108 0.07956989247311828
30 0.3120371098206168 0.2181338795338609 0.09247311827956989 0.09032258064516129
7 0.8031745696623226 0.6947052975196132 0.12043010752688173 0.047311827956989246
7 0.800715697458201 0.7088539865020987 0.11827956989247312 0.047311827956989246
8 0.5602019517628847 0.6355868097040023 0.23870967741935484 0.07096774193548387
8 0.5547467416360852 0.6785192624474697 0.23655913978494625 0.06881720430107527
18 0.17257275808198763 0.6003969471694952 0.2752688172043011 0.07741935483870968
17 0.17186313300477765 0.5730624851697753 0.2860215053763441 0.08387096774193549
