8 0.4995585263313335 0.577753033575317 0.24731182795698925 0.06881720430107527
8 0.4717468710252526 0.7099524938743452 0.24731182795698925 0.07311827956989247
4 0.12360586558273265 0.4796770378407274 0.11397849462365592 0.11827956989247312
3 0.7031421203893429 0.26457080488176166 0.015053763440860216 0.015053763440860216
3 0.691314341233158 0.29844158033245777 0.017204301075268817 0.015053763440860216
3 0.5807646112221285 0.4228595638837342 0.017204301075268817 0.01935483870967742
7 0.7518789403280833 0.6929986641802321 0.12043010752688173 0.047311827956989246
5 0.6931773423292361 0.30400269940292085 0.04086021505376344 0.034408602150537634
5 0.7065467199502584 0.26163363323811045 0.025806451612903226 0.025806451612903226
5 0.708558674100176 0.31481113584306164 0.04086021505376344 0.03225806451612903
5 0.7628498041629517 0.3303112799338816 0.043010752688172046 0.034408602150537634
4 0.7995981253933246 0.27955665018152637 0.11612903225806452 0.09462365591397849
3 0.5236921865373867 0.39257797821667667 0.01935483870967742 0.021505376344086023
7 0.6342328761622733 0.3651316726514486 0.05161290322580645 0.05161290322580645
7 0.6246580365933176 0.3345999859218469 0.05806451612903226 0.05806451612903226
7 0.6747771476307992 0.381906411013481 0.05161290322580645 0.05591397849462366
7 0.723188085921693 0.3903628388083056 0.053763440860215055 0.05806451612903226
7 0.8162452678388971 0.5550227577823081 0.07741935483870968 0.08172043010752689
7 0.9388714139328497 0.571289551778213 0.07526881720430108 0.07956989247311828
7 0.8561211193360819 0.5395530580521501 0.06451612903225806 0.06666666666666667
7 0.7574797354152744 0.5220719456417178 0.08172043010752689 0.07956989247311828
7 0.7627337491496546 0.7362896600742956 0.12473118279569892 0.047311827956989246
7 0.78334313594325 0.7452113520737502 0.12043010752688173 0.04946236559139785
18 0.16840769552270093 0.614459561143885 0.2838709677419355 0.07956989247311828
30 0.28496367189779676 0.23255968730234974 0.1032258064516129 0.1032258064516129
