5 0.594089596464472 0.2711372437732119 0.015053763440860216 0.043010752688172046
5 0.595714934520838 0.3076051860908908 0.012903225806451613 0.034408602150537634
5 0.5757275305861169 0.2861673742310012 0.012903225806451613 0.034408602150537634
5 0.5649913994896206 0.29032207955235645 0.012903225806451613 0.03870967741935484
4 0.5604399427301294 0.2375870426534671 0.07526881720430108 0.02795698924731183
4 0.5413915577464733 0.2519140971396675 0.08172043010752689 0.030107526881720432
4 0.41610118483477243 0.24033025072517353 0.07956989247311828 0.021505376344086023
4 0.41254392942475426 0.2613707839153678 0.07741935483870968 0.01935483870967742
7 0.6233301917721604 0.5191856519351233 0.034408602150537634 0.0967741935483871
23 0.6113621026814191 0.6858630139453142 0.05161290322580645 0.2086021505376344
4 0.595313795526898 0.39668067145356023 0.04086021505376344 0.12688172043010754
18 0.16684249341161658 0.22949332386751553 0.14623655913978495 0.23655913978494625
