3 0.9393310196122414 0.7157860848685826 0.025806451612903226 0.02795698924731183
8 0.5280475937004501 0.5761824634428603 0.33978494623655914 0.1010752688172043
4 0.07238964951616507 0.42004715807119725 0.11397849462365592 0.11612903225806452
3 0.7409092975633421 0.21852879089696867 0.012903225806451613 0.015053763440860216
3 0.7416626995663265 0.23796583124962872 0.015053763440860216 0.015053763440860216
3 0.6373926539970814 0.3372244419003352 0.01935483870967742 0.021505376344086023
7 0.8049069514434285 0.6896499617733944 0.11827956989247312 0.04516129032258064
4 0.7473664254938425 0.2625183380490351 0.03870967741935484 0.03225806451612903
4 0.7548404881018911 0.2019608529427066 0.023655913978494623 0.025806451612903226
4 0.7889372606640603 0.24609142790515545 0.04086021505376344 0.034408602150537634
4 0.7556742096086191 0.2339082478282417 0.04086021505376344 0.03225806451612903
4 0.9258844901855874 0.2904575010928425 0.0989247311827957 0.08172043010752689
3 0.6375583104051387 0.3366348165127577 0.023655913978494623 0.025806451612903226
7 0.6723173605832452 0.2957033615612413 0.05161290322580645 0.05161290322580645
7 0.7244989453187308 0.2855976564703728 0.05591397849462366 0.05591397849462366
7 0.7210399699844283 0.2939013108021236 0.05806451612903226 0.06236559139784946
7 0.70558991367949 0.2999730432018579 0.053763440860215055 0.05806451612903226
7 0.8920509684572161 0.505124554272092 0.06666666666666667 0.06881720430107527
7 0.9261954860101174 0.49571572561104515 0.07526881720430108 0.08172043010752689
7 0.9049019181768566 0.48395756534941375 0.07526881720430108 0.07956989247311828
7 0.7647643674419379 0.39498224319013425 0.05591397849462366 0.05806451612903226
7 0.7837718081628136 0.4071839628659448 0.05161290322580645 0.05591397849462366
7 0.8174478387725695 0.419364959674966 0.07741935483870968 0.08172043010752689
7 0.845777247209437 0.43191832186274587 0.07956989247311828 0.08387096774193549
7 0.8237876892741977 0.6563730744326174 0.12258064516129032 0.047311827956989246
7 0.8071276574747275 0.6321263950592264 0.12043010752688173 0.047311827956989246
17 0.17947059935166387 0.5296921990414516 0.2924731182795699 0.08172043010752689
17 0.5408147052895503 0.6400333776905267 0.2903225806451613 0.09032258064516129
18 0.5466409453112521 0.6757882798364059 0.27956989247311825 0.08817204301075268
