4 0.7228175986138379 0.9381186054288224 0.04516129032258064 0.10752688172043011
23 0.7480279545674017 0.7790476187564728 0.12473118279569892 0.4150537634408602
23 0.19277368607516954 0.22641135811475924 0.17634408602150536 0.41935483870967744
4 0.0798032738530104 0.6817678196584306 0.13763440860215054 0.06236559139784946
4 0.21702108092100816 0.6558051687456005 0.12473118279569892 0.04946236559139785
4 0.08379679415815237 0.666195407427334 0.14838709677419354 0.053763440860215055
4 0.14940594670700447 0.5995261953867592 0.2946236559139785 0.07526881720430108
4 0.14104274470052483 0.5833574161437314 0.2731182795698925 0.08172043010752689
4 0.5795708495377496 0.5748917601098358 0.2 0.07741935483870968
13 0.5111131560216355 0.45285463479417204 0.3548387096774194 0.0967741935483871
13 0.5381256694058091 0.5193099392765803 0.34408602150537637 0.1032258064516129
13 0.55944702727673 0.5547182875009873 0.34623655913978496 0.10752688172043011
