4 0.5086225221744681 0.8731141851364635 0.12043010752688173 0.08387096774193549
4 0.49713164795244497 0.8959581598007805 0.11397849462365592 0.07741935483870968
4 0.4384422482621251 0.8758881830910616 0.11397849462365592 0.07741935483870968
4 0.5088850302911594 0.7912622021113829 0.15913978494623657 0.1053763440860215
4 0.47268083662327753 0.8439192280237419 0.16989247311827957 0.11397849462365592
4 0.6225748161347954 0.651023385009373 0.3763440860215054 0.3032258064516129
26 0.15389139596310394 0.09927955195269698 0.24301075268817204 0.18387096774193548
4 0.4959096898956157 0.47345889253349327 0.2903225806451613 0.23225806451612904
23 0.4238604561465892 0.30149341207178515 0.3419354838709677 0.25161290322580643
23 0.5194370707826681 0.27251915368278096 0.33978494623655914 0.24946236559139784
23 0.22377583238714926 0.23114990474596078 0.22365591397849463 0.18494623655913978
