30 0.4458416965461389 0.7843209287985136 0.053763440860215055 0.05591397849462366
30 0.7036366565531088 0.39488001084496516 0.10967741935483871 0.0989247311827957
30 0.7144198001233378 0.32013298413614455 0.16344086021505377 0.12258064516129032
30 0.5217166148481983 0.8501647373911889 0.07526881720430108 0.07741935483870968
30 0.6963403729452405 0.5823916346126714 0.08387096774193549 0.07311827956989247
30 0.09057411377924597 0.850448679589899 0.11827956989247312 0.12258064516129032
30 0.16762401812427763 0.6075454740818418 0.09032258064516129 0.07956989247311828
30 0.3633809454390615 0.5281623186751553 0.07956989247311828 0.07096774193548387
30 0.5555522954465363 0.3330042956028609 0.09462365591397849 0.07526881720430108
30 0.3535529661968804 0.6962459943352023 0.17634408602150536 0.17204301075268819
30 0.6293105030466162 0.4617758228122098 0.17419354838709677 0.14623655913978495
23 0.6271030639633587 0.18801182722922385 0.2021505376344086 0.15913978494623657
47 0.338952699083292 0.4322577525575343 0.36129032258064514 0.3010752688172043
