3 0.21683692218312234 0.5437074697179904 0.008602150537634409 0.021505376344086023
3 0.23603170406989604 0.5424858485126706 0.017204301075268817 0.01935483870967742
3 0.1457745986109139 0.7071380127584225 0.017204301075268817 0.01935483870967742
3 0.17695252145471324 0.5992650268914971 0.010752688172043012 0.017204301075268817
3 0.07490383650667226 0.6349722808842733 0.015053763440860216 0.021505376344086023
3 0.2167118237780889 0.6343408738451787 0.015053763440860216 0.021505376344086023
3 0.31547836847421584 0.5540023479515594 0.012903225806451613 0.01935483870967742
3 0.244659086686023 0.6208513839088432 0.017204301075268817 0.021505376344086023
3 0.3328347854943331 0.6269332087718484 0.01935483870967742 0.021505376344086023
3 0.16419602335960695 0.6465312698641464 0.017204301075268817 0.021505376344086023
3 0.20316249464240327 0.6270765508825186 0.015053763440860216 0.01935483870967742
3 0.07558504551345596 0.6612436722462501 0.01935483870967742 0.030107526881720432
3 0.15760394032155087 0.6969854023000019 0.017204301075268817 0.02795698924731183
5 0.2423928968597671 0.6618318301280873 0.034408602150537634 0.008602150537634409
5 0.22077303355667965 0.6432024175174059 0.034408602150537634 0.008602150537634409
5 0.3695488531946607 0.5724397257079207 0.03655913978494624 0.008602150537634409
5 0.24878166332742477 0.5704018198967161 0.03870967741935484 0.008602150537634409
4 0.11358202884963196 0.9238685307700023 0.0967741935483871 0.11827956989247312
6 0.2549310670360679 0.5359599613904844 0.05806451612903226 0.060215053763440864
10 0.7193086030947878 0.8526990644000568 0.25591397849462366 0.24301075268817204
11 0.44516493137898555 0.5099135043477997 0.3161290322580645 0.3118279569892473
