4 0.8389340836244253 0.9461142468391077 0.05591397849462366 0.06666666666666667
4 0.5678061204623226 0.8025136973631524 0.08387096774193549 0.10752688172043011
4 0.44109349535175735 0.6014058848319419 0.08172043010752689 0.1032258064516129
8 0.15097663409661566 0.4315349552906277 0.15483870967741936 0.2021505376344086
8 0.2842713385185515 0.4894692602646093 0.15483870967741936 0.1978494623655914
8 0.174119877323771 0.37210731120318546 0.15053763440860216 0.1913978494623656
26 0.12971406090835502 0.20234280081377642 0.18924731182795698 0.24086021505376345
0 0.46448793274045586 0.39921725396480673 0.1913978494623656 0.24731182795698925
8 0.575600772965785 0.6720373399692932 0.1956989247311828 0.2537634408602151
18 0.47044932605831147 0.21874451662409267 0.17419354838709677 0.23655913978494625
18 0.5005435966705866 0.6701229111288826 0.18064516129032257 0.23655913978494625
2 0.7241185601851031 0.6131057417850505 0.4838709677419355 0.6602150537634408
2 0.39357267555299813 0.4361143687451937 0.33978494623655914 0.4559139784946237
19 0.8415081083080731 0.4109786481383771 0.2903225806451613 0.36774193548387096
9 0.8701077841094635 0.31041077082216784 0.2086021505376344 0.2838709677419355
9 0.8269181194130009 0.3265195853654224 0.210752688172043 0.2817204301075269
