27 0.312938912279741 0.054760285135529496 0.04086021505376344 0.034408602150537634
4 0.3024874312164622 0.8373660377596949 0.08817204301075268 0.10967741935483871
26 0.1937248181310869 0.4782883005462002 0.2 0.24516129032258063
2 0.49222597415291713 0.6176435329906355 0.5655913978494623 0.7612903225806451
13 0.2794136387362133 0.49242083648089247 0.0989247311827957 0.12258064516129032
13 0.12303912773230453 0.6747865070093759 0.1010752688172043 0.12688172043010754
19 0.6982054374981592 0.4500533279053635 0.3741935483870968 0.45806451612903226
9 0.8791582749768563 0.6441006184031759 0.2064516129032258 0.2752688172043011
9 0.7108054160510177 0.28491382266288945 0.2086021505376344 0.2731182795698925
9 0.6763187839794527 0.27764641315897437 0.210752688172043 0.2645161290322581
