23 0.4051193326921243 0.8413596562490032 0.2021505376344086 0.15268817204301074
27 0.8971633121381454 0.21056777032894244 0.04516129032258064 0.043010752688172046
30 0.5052067704777685 0.13252488642483284 0.08602150537634409 0.08387096774193549
30 0.21407770038414042 0.26082743840820766 0.09462365591397849 0.08172043010752689
30 0.5763258182824799 0.3123211353209825 0.05591397849462366 0.05161290322580645
30 0.6698499731162084 0.5140325365552646 0.08172043010752689 0.07311827956989247
30 0.8071343642948619 0.32786701801392315 0.0967741935483871 0.08817204301075268
30 0.911987894607625 0.17842916062012784 0.11827956989247312 0.12473118279569892
30 0.6436121764344868 0.31855040363660153 0.17634408602150536 0.17419354838709677
30 0.41382311767026675 0.5128351077823804 0.09247311827956989 0.08172043010752689
30 0.2807965971646871 0.6054212422782743 0.10752688172043011 0.09462365591397849
30 0.3575498341174342 0.6483312832891701 0.15913978494623657 0.12688172043010754
30 0.19193194941867076 0.49622774730409497 0.16774193548387098 0.14623655913978495
47 0.66090352088435 0.6256721878975736 0.36774193548387096 0.3053763440860215
