3 0.7961275779200149 0.5487285394692081 0.016129032258064516 0.01935483870967742
5 0.7795029931089815 0.5280871981285326 0.03763440860215054 0.034408602150537634
4 0.8456555851247887 0.3725886586279664 0.054838709677419356 0.08817204301075268
4 0.7891664865243021 0.3383686116127657 0.047311827956989246 0.07311827956989247
3 0.3872499718538248 0.6789297196864345 0.01935483870967742 0.025806451612903226
4 0.14566396503477258 0.8931287074217131 0.025806451612903226 0.053763440860215055
3 0.8565210806406746 0.7053084362268076 0.026881720430107527 0.016129032258064516
0 0.7819429984578744 0.7882039037059854 0.14193548387096774 0.1827956989247312
0 0.7428097389221215 0.7713489983321035 0.13978494623655913 0.18064516129032257
26 0.6907601727608937 0.7514197636922416 0.1881720430107527 0.24193548387096775
9 0.34921363717949255 0.550042203823828 0.19032258064516128 0.2731182795698925
9 0.38874892469241923 0.6002229194463382 0.1935483870967742 0.2645161290322581
9 0.5698100183958328 0.7029007950276729 0.2053763440860215 0.2838709677419355
9 0.6074093945290595 0.6813708865939154 0.2053763440860215 0.2731182795698925
2 0.3511853802435436 0.5965515066912934 0.2537634408602151 0.32903225806451614
2 0.68141603132319 0.7341964416465371 0.23333333333333334 0.3333333333333333
19 0.2770298976051144 0.5101055993296776 0.2817204301075269 0.35053763440860214
