4 0.9112264701896359 0.5804819806080568 0.05806451612903226 0.04516129032258064
4 0.8935936378325764 0.5915042546785506 0.05591397849462366 0.043010752688172046
4 0.8426395649369044 0.6593545897655744 0.06559139784946237 0.00967741935483871
4 0.8076432787556497 0.658233196431686 0.06666666666666667 0.013978494623655914
31 0.8713039011023823 0.14220554001480226 0.07956989247311828 0.08172043010752689
31 0.8584288482406566 0.2400364459297334 0.08172043010752689 0.07741935483870968
31 0.6312223676674827 0.3033686567593143 0.08817204301075268 0.07956989247311828
31 0.7226754049829003 0.3170442674895244 0.08602150537634409 0.08817204301075268
31 0.576974221286659 0.49926663601848675 0.08602150537634409 0.07956989247311828
31 0.1513665315489339 0.8162934832652047 0.1010752688172043 0.09462365591397849
31 0.10475494231640839 0.7686997120546069 0.12258064516129032 0.11182795698924732
31 0.5519336701222721 0.07019278792947557 0.1010752688172043 0.08387096774193549
31 0.5076282890806092 0.16115815332453645 0.07311827956989247 0.06451612903225806
31 0.2572642089879419 0.3285397076997576 0.09032258064516129 0.08172043010752689
31 0.49109298936927387 0.3816054977158742 0.11397849462365592 0.10752688172043011
31 0.12095774926788234 0.4755879153018635 0.10752688172043011 0.09247311827956989
44 0.7889990412202297 0.4731804019482902 0.1913978494623656 0.1913978494623656
44 0.785927137123476 0.42045115540271005 0.1913978494623656 0.18494623655913978
47 0.4668422369241321 0.7156884963107842 0.3634408602150538 0.3333333333333333
