4 0.8021358701929795 0.2130624603596156 0.06236559139784946 0.13548387096774195
4 0.7718305021121636 0.19388374440802825 0.060215053763440864 0.13548387096774195
4 0.7333379727808726 0.2161937213393936 0.06236559139784946 0.13548387096774195
4 0.6935821921322013 0.19984594396074307 0.07311827956989247 0.15053763440860216
4 0.747919791670449 0.30982820916621673 0.14623655913978495 0.06666666666666667
4 0.7409005290730285 0.3783723926371786 0.14408602150537633 0.06666666666666667
4 0.6979864508479523 0.4148584235636747 0.1978494623655914 0.060215053763440864
4 0.5729942837028316 0.8458759009178548 0.26666666666666666 0.05806451612903226
4 0.6192116519729278 0.9036858904852657 0.22795698924731184 0.06666666666666667
4 0.7146144713026501 0.4649212239635791 0.16559139784946236 0.07311827956989247
26 0.571710748233189 0.5918809224952876 0.3741935483870968 0.1010752688172043
45 0.5561935232109892 0.936350727880343 0.32903225806451614 0.07311827956989247
47 0.5063277158427515 0.7730728442928998 0.45806451612903226 0.10752688172043011
