23 0.5029492878973443 0.8919309287429695 0.08602150537634409 0.11397849462365592
23 0.25856745264134345 0.6695102934129146 0.08172043010752689 0.1053763440860215
23 0.2337296514023909 0.6436547320392326 0.07741935483870968 0.1032258064516129
8 0.4050351935747768 0.4014200976950349 0.14838709677419354 0.2
26 0.2027172075203258 0.5759737996867047 0.15483870967741936 0.1913978494623656
0 0.4905043283802094 0.7181652153962977 0.1956989247311828 0.24086021505376345
26 0.4758919258510182 0.7864874688992312 0.2086021505376344 0.25806451612903225
18 0.369721781125175 0.34786704723086426 0.17849462365591398 0.24086021505376345
2 0.6294787612955954 0.6598143393808195 0.4731182795698925 0.6623655913978495
2 0.3055796469305879 0.5012731573392528 0.3204301075268817 0.44086021505376344
13 0.10279541312770941 0.2974173310662745 0.1053763440860215 0.14623655913978495
13 0.05562223566846363 0.7264313514717077 0.08172043010752689 0.11612903225806452
19 0.761547230195606 0.5767160362742689 0.2924731182795699 0.36129032258064514
21 0.7233441966466092 0.4515978770420497 0.23225806451612904 0.3053763440860215
