30 0.678088116200234 0.965778630613247 0.06666666666666667 0.06666666666666667
30 0.08929709254955367 0.8501476865852882 0.07096774193548387 0.07741935483870968
30 0.30980553339963723 0.7757014478499954 0.053763440860215055 0.07741935483870968
30 0.522508507015086 0.8556778937331571 0.05806451612903226 0.07956989247311828
30 0.5967947692469255 0.7403512994614281 0.05591397849462366 0.06666666666666667
30 0.06464515245868717 0.0606219087705826 0.07741935483870968 0.08387096774193549
30 0.2106950556484822 0.19892460159780798 0.07526881720430108 0.08172043010752689
30 0.3588033296242509 0.34529015626349685 0.07311827956989247 0.07956989247311828
30 0.3449743510064869 0.4386485244188777 0.07311827956989247 0.07956989247311828
30 0.3791720734735307 0.5331176567998089 0.1032258064516129 0.12903225806451613
30 0.23216683003610372 0.42330454953506896 0.14193548387096774 0.18924731182795698
23 0.5739338515129543 0.5850796892746838 0.15483870967741936 0.2064516129032258
47 0.360957759341273 0.2500149913236105 0.3204301075268817 0.36774193548387096
