4 0.33318618682228035 0.7509228385500714 0.04516129032258064 0.05806451612903226
4 0.44921060323402057 0.9254003131593902 0.043010752688172046 0.05591397849462366
4 0.3181102766755738 0.9138854422192265 0.010752688172043012 0.06559139784946237
4 0.41022030325474 0.8687177786946971 0.010752688172043012 0.06559139784946237
4 0.3513804050588747 0.7236541414828813 0.010752688172043012 0.06559139784946237
30 0.9111685309521474 0.49678967983597744 0.08817204301075268 0.1032258064516129
30 0.8271503971475529 0.47483605832952186 0.06666666666666667 0.07311827956989247
30 0.6772306872755629 0.4579167695120979 0.08172043010752689 0.08817204301075268
31 0.9280524103275255 0.7605043383373364 0.08172043010752689 0.07741935483870968
31 0.38729306544724873 0.11219042577449648 0.12043010752688173 0.13548387096774195
31 0.18198474924056288 0.17841430327090668 0.0967741935483871 0.1032258064516129
31 0.7440150833600139 0.7727498551561592 0.07526881720430108 0.08172043010752689
31 0.8962275337917934 0.8288202499436876 0.07526881720430108 0.08172043010752689
31 0.6721943819374366 0.675304004553572 0.08602150537634409 0.08387096774193549
31 0.4861438125835322 0.5732547566068718 0.07956989247311828 0.08387096774193549
31 0.6414521660405348 0.6824546952511327 0.10752688172043011 0.11397849462365592
31 0.5617979503006002 0.10182119616582504 0.09247311827956989 0.10752688172043011
44 0.7271696418320506 0.747614045366417 0.1913978494623656 0.1913978494623656
44 0.6409379587519509 0.6333868469144184 0.18494623655913978 0.1913978494623656
47 0.27083721036020986 0.4482441710539029 0.33763440860215055 0.36129032258064514
