4 0.5798723369137709 0.39122416713628666 0.07096774193548387 0.06236559139784946
4 0.5347685104176151 0.24306564597369937 0.09462365591397849 0.07311827956989247
0 0.5832343422717101 0.2646108916332112 0.24086021505376345 0.1827956989247312
8 0.42396300477194304 0.5489881797051537 0.24301075268817204 0.1870967741935484
18 0.12941085596650562 0.8229879111279047 0.23225806451612904 0.16774193548387098
2 0.5571836317953555 0.6026537872667461 0.7741935483870968 0.5419354838709678
2 0.3634291126360119 0.3671822446479912 0.5548387096774193 0.4043010752688172
13 0.5099689431168585 0.22100821996543416 0.12473118279569892 0.09462365591397849
13 0.42655193046835366 0.21653904455329315 0.12473118279569892 0.09462365591397849
13 0.1412290104453317 0.3055284785211897 0.12473118279569892 0.08602150537634409
19 0.6273482955088143 0.8130861136946939 0.45376344086021503 0.35913978494623655
9 0.7873223013109335 0.8213539272267867 0.26666666666666666 0.210752688172043
9 0.42879282311695677 0.5674433262409625 0.2709677419354839 0.2064516129032258
