4 0.2755971394592851 0.7032768692951848 0.07741935483870968 0.0989247311827957
4 0.30606477411137195 0.7076454658088022 0.07741935483870968 0.0989247311827957
8 0.5324279572691618 0.7924884485485693 0.15268817204301074 0.2
18 0.5329415630585201 0.8455270501100315 0.17204301075268819 0.22580645161290322
2 0.4396199793789398 0.4241202407947249 0.5935483870967742 0.7419354838709677
13 0.14935216791031614 0.393714646926042 0.1053763440860215 0.12903225806451613
19 0.572781322062888 0.34111184804384803 0.34838709677419355 0.45161290322580644
21 0.7559650400851361 0.5175372551076666 0.23225806451612904 0.3053763440860215
9 0.5711322129962084 0.15161794959245167 0.2064516129032258 0.26666666666666666
9 0.27886337825114454 0.5731383598802793 0.210752688172043 0.2709677419354839
