3 0.8731111257950193 0.32517189921170286 0.015053763440860216 0.012903225806451613
33 0.7602814129323041 0.6540916643627976 0.06451612903225806 0.24516129032258063
2 0.12467515873068827 0.6210749332195575 0.030107526881720432 0.28817204301075267
2 0.38203080075483503 0.5598272538313463 0.034408602150537634 0.47096774193548385
2 0.3120206862123727 0.6286602367292982 0.03655913978494624 0.47096774193548385
2 0.5075132458826402 0.5698636887814904 0.04086021505376344 0.4666666666666667
2 0.5952153160647982 0.6121715663418882 0.03225806451612903 0.4258064516129032
2 0.7191314145654139 0.6029602923054784 0.03655913978494624 0.421505376344086
2 0.9206136713782165 0.6235002033951765 0.034408602150537634 0.432258064516129
16 0.29859320352257707 0.5335710751922316 0.07311827956989247 0.42795698924731185
16 0.36993224107992145 0.6431223458742696 0.07956989247311828 0.44086021505376344
30 0.564351081412922 0.5413936053227717 0.06236559139784946 0.3655913978494624
