4 0.739520400689054 0.5302265443331173 0.06451612903225806 0.010752688172043012
4 0.6756597880256736 0.6762075305227636 0.06666666666666667 0.012903225806451613
4 0.8486878926788508 0.5615659067232538 0.05161290322580645 0.043010752688172046
4 0.784110671093927 0.6176325601331603 0.05591397849462366 0.04516129032258064
30 0.8205630581732729 0.14257967468201915 0.06881720430107527 0.09032258064516129
30 0.8171088797530979 0.1448236387000417 0.0967741935483871 0.09032258064516129
30 0.1797046839733649 0.6061821473631006 0.08602150537634409 0.06881720430107527
30 0.20727436554492087 0.6402386772125943 0.09247311827956989 0.09247311827956989
30 0.23632085711329262 0.5330050671798596 0.08172043010752689 0.08172043010752689
30 0.4704354816044066 0.4577353329097415 0.0989247311827957 0.08602150537634409
30 0.5174175150114108 0.46460649899284534 0.0989247311827957 0.09032258064516129
30 0.45922192166470105 0.36897652095208544 0.08602150537634409 0.08387096774193549
30 0.3641844802146833 0.2365047811047904 0.10752688172043011 0.1053763440860215
30 0.510741513538604 0.17897390472587657 0.13978494623655913 0.13333333333333333
30 0.3982815768723705 0.17262584497980604 0.12258064516129032 0.11612903225806452
47 0.371807983639684 0.5987480542463441 0.3741935483870968 0.3204301075268817
