0 0.9014983173591681 0.7434006843981743 0.18064516129032257 0.23548387096774193
0 0.6285405815021395 0.6447237229437371 0.17849462365591398 0.23548387096774193
8 0.5841582213054091 0.7682866838876901 0.15161290322580645 0.1989247311827957
8 0.8256593694494057 0.5456432717051312 0.14623655913978495 0.18924731182795698
8 0.4555347688112615 0.3235026456392971 0.14946236559139786 0.19462365591397848
2 0.35565100698919105 0.3964882910906013 0.4752688172043011 0.6752688172043011
2 0.6646160410742314 0.5888537647186612 0.3311827956989247 0.44623655913978494
13 0.8585422229010365 0.7953843786750346 0.08817204301075268 0.11612903225806452
13 0.9258964032266489 0.36523706913160026 0.07096774193548387 0.1032258064516129
19 0.18967695779956667 0.5971274006793267 0.2946236559139785 0.34623655913978496
9 0.20778245020253444 0.6125150012666383 0.2086021505376344 0.2731182795698925
