4 0.21054679745106536 0.5560580399932498 0.0989247311827957 0.08172043010752689
4 0.19460332919042259 0.5203733393072033 0.0967741935483871 0.07956989247311828
4 0.7546873556884088 0.7043032918495715 0.06666666666666667 0.02795698924731183
18 0.8113275854535411 0.8268554687674168 0.22365591397849463 0.18064516129032257
2 0.4836172383060372 0.6475582494107617 0.7591397849462366 0.5655913978494623
2 0.33352625452305473 0.2073183750084553 0.556989247311828 0.4118279569892473
13 0.07572432107086785 0.3044822550393346 0.11827956989247312 0.08172043010752689
13 0.31825452815990957 0.23859678564318992 0.12258064516129032 0.08387096774193549
13 0.342406252930534 0.14404796637978165 0.12903225806451613 0.08387096774193549
13 0.31103752852895744 0.14491178044644829 0.12043010752688173 0.08172043010752689
13 0.11282317803168593 0.08721365320591935 0.14838709677419354 0.1053763440860215
19 0.5503748578318868 0.7708282859619393 0.45161290322580644 0.3720430107526882
38 0.5473173472876515 0.34011358031435523 0.23870967741935484 0.1827956989247312
21 0.7795082560653499 0.8630441880122738 0.1827956989247312 0.14408602150537633
9 0.30733089774576955 0.5213295237960054 0.2709677419354839 0.2086021505376344
9 0.3469710446428061 0.452306123025309 0.2731182795698925 0.2086021505376344
