5 0.9381600221061646 0.28986583045773007 0.03655913978494624 0.04086021505376344
4 0.23361275206190468 0.40057287526911306 0.1053763440860215 0.07956989247311828
26 0.5446555868636092 0.22816992839447864 0.23655913978494625 0.18924731182795698
2 0.45621500400364495 0.5315360788761305 0.7634408602150538 0.567741935483871
13 0.4548694165356222 0.29832499502144827 0.12258064516129032 0.0989247311827957
13 0.3506866515882989 0.11984170037812981 0.12688172043010754 0.0989247311827957
19 0.5529518955785173 0.6993436742067275 0.45806451612903226 0.3741935483870968
9 0.34459664984060007 0.8951679259080219 0.2752688172043011 0.2064516129032258
9 0.6888450977905354 0.7134533266156499 0.2989247311827957 0.23655913978494625
9 0.6796851233792581 0.6644246365682539 0.2817204301075269 0.22795698924731184
