0 0.6751941625951347 0.42921049954937657 0.23010752688172043 0.18064516129032257
26 0.8542081812076694 0.09291404804714344 0.23870967741935484 0.1827956989247312
8 0.7672355946075807 0.41274080294110477 0.2021505376344086 0.15483870967741936
8 0.544590902580397 0.2560853005366647 0.1913978494623656 0.14623655913978495
8 0.32408846567380173 0.5390260440893668 0.1978494623655914 0.15268817204301074
2 0.4522174451689911 0.6692865964519155 0.6752688172043011 0.4731182795698925
2 0.6161577732791723 0.3462619997596959 0.45161290322580644 0.33548387096774196
13 0.7877968686022101 0.1284508802234951 0.11612903225806452 0.08817204301075268
13 0.3873073238244501 0.07644249971178536 0.1032258064516129 0.07096774193548387
19 0.5968211948308961 0.83285631945703 0.34623655913978496 0.2946236559139785
9 0.6555739151464716 0.7742487111220765 0.2731182795698925 0.2086021505376344
