30 0.15574827415903297 0.27724405506654093 0.07956989247311828 0.047311827956989246
30 0.1437376119504616 0.06221968335392447 0.07956989247311828 0.07956989247311828
30 0.07736532902740384 0.6179113642723189 0.06774193548387097 0.06236559139784946
30 0.1629519763751423 0.5123612774109236 0.08387096774193549 0.06236559139784946
30 0.29663999185826156 0.5610015184981005 0.06881720430107527 0.05806451612903226
30 0.7660843277190256 0.27373364622746 0.07741935483870968 0.06881720430107527
30 0.9460575088701488 0.05172319261928551 0.07526881720430108 0.07096774193548387
30 0.7065461778176376 0.31783330123533693 0.07526881720430108 0.06881720430107527
30 0.5904852359186823 0.35138078370401943 0.07741935483870968 0.07096774193548387
30 0.3656235266442541 0.5199540028637791 0.12473118279569892 0.1010752688172043
30 0.672349786395323 0.20926600857165933 0.1870967741935484 0.14408602150537633
23 0.49686738143950826 0.5834647060293193 0.2021505376344086 0.15913978494623657
47 0.7770612518244256 0.3345982872263834 0.36774193548387096 0.3204301075268817
