3 0.6668800808483157 0.22868333273483452 0.01827956989247312 0.024731182795698924
3 0.6615470939085053 0.1516715185526219 0.00967741935483871 0.01935483870967742
3 0.6708568304446861 0.20818388375665822 0.013978494623655914 0.01935483870967742
3 0.5601110785924779 0.31251731263291155 0.011827956989247311 0.01935483870967742
8 0.8001889936450471 0.2970877709335572 0.25806451612903225 0.1967741935483871
21 0.8059954799788778 0.3658000354555462 0.2946236559139785 0.22795698924731184
9 0.8584247804886813 0.18089491182679843 0.26881720430107525 0.21505376344086022
9 0.841439217479222 0.21990164338658158 0.27741935483870966 0.2064516129032258
2 0.820784461721808 0.21146972981769174 0.33548387096774196 0.24516129032258063
19 0.36475666806901796 0.5126742563931376 0.36236559139784946 0.4645161290322581
17 0.7523696938877582 0.3420312376964868 0.23010752688172043 0.17634408602150536
