5 0.16645818218644964 0.3253668235604244 0.010752688172043012 0.01935483870967742
5 0.19818227629726104 0.24573703218603477 0.0064516129032258064 0.012903225806451613
5 0.2047100019304817 0.196008075440818 0.01935483870967742 0.03225806451612903
5 0.17208460333642195 0.3113081067505634 0.017204301075268817 0.030107526881720432
5 0.16681545431466266 0.22213282384279176 0.017204301075268817 0.030107526881720432
5 0.175094794367157 0.3131683543106223 0.023655913978494623 0.06344086021505377
4 0.15123676622703064 0.7007629370648133 0.1032258064516129 0.12043010752688173
4 0.4321866748275942 0.30338500423016895 0.14193548387096774 0.13333333333333333
10 0.7288429652349093 0.5158826868899866 0.24946236559139784 0.24946236559139784
11 0.406939877203867 0.2335076018374486 0.3225806451612903 0.3010752688172043
