4 0.7723106064418649 0.8994446377801883 0.13333333333333333 0.06451612903225806
4 0.7574044359660442 0.6290590954439459 0.13118279569892474 0.06236559139784946
4 0.7731785324183842 0.7129096265937932 0.13118279569892474 0.07096774193548387
4 0.8896919248647406 0.5159770395833552 0.15268817204301074 0.07956989247311828
4 0.6248242411968623 0.7821751267152403 0.060215053763440864 0.13333333333333333
4 0.6248897335143703 0.7320024063081855 0.060215053763440864 0.13118279569892474
4 0.5943494002088329 0.6694154916851521 0.04946236559139785 0.1827956989247312
4 0.5366869389915702 0.7040532934699446 0.06236559139784946 0.16559139784946236
4 0.08473680021316213 0.608248114067925 0.05161290322580645 0.2623655913978495
4 0.1001856036081063 0.6369743161736142 0.060215053763440864 0.21935483870967742
26 0.42915496941773745 0.8024195306856525 0.1010752688172043 0.3720430107526882
45 0.05392468983014264 0.471001069064046 0.06881720430107527 0.32903225806451614
47 0.2572126079339155 0.5929195744849086 0.10752688172043011 0.45806451612903226
