4 0.2763703879089505 0.29236014140119365 0.1053763440860215 0.08172043010752689
4 0.3127428914704498 0.28252726140214357 0.0989247311827957 0.07741935483870968
8 0.18536476335981025 0.5588702066988784 0.1978494623655914 0.15053763440860216
18 0.17461734045350363 0.5445515331706154 0.22580645161290322 0.17204301075268819
2 0.5825297987898457 0.4404342970135117 0.7526881720430108 0.5806451612903226
13 0.6064093401587339 0.08977596765634722 0.12903225806451613 0.1053763440860215
19 0.6515502564289622 0.5813871012817835 0.45161290322580644 0.34838709677419355
21 0.5129827484540237 0.811801868186118 0.3053763440860215 0.23225806451612904
9 0.849257001989371 0.5706306009910375 0.26666666666666666 0.2064516129032258
9 0.42846584178510805 0.27870375452176743 0.26881720430107525 0.2086021505376344
