4 0.237885363424753 0.817082875270255 0.06451612903225806 0.13548387096774195
4 0.23084117090769296 0.7795756095112076 0.06236559139784946 0.13333333333333333
4 0.16236596619191923 0.8353033864274769 0.06666666666666667 0.13548387096774195
4 0.40780460876796254 0.7028513649674641 0.07741935483870968 0.14623655913978495
4 0.2889496956665925 0.5976921073479289 0.13978494623655913 0.06666666666666667
4 0.25201056538295125 0.6445156848472579 0.13978494623655913 0.06666666666666667
4 0.37952457727989003 0.4760718410139918 0.1870967741935484 0.04946236559139785
4 0.19202128278593095 0.5168064976526098 0.17419354838709677 0.08172043010752689
4 0.3460807046758876 0.09825069482717587 0.26881720430107525 0.06344086021505377
4 0.7297497098261156 0.05893674508257939 0.22258064516129034 0.054838709677419356
26 0.4197001198185637 0.3948275848610834 0.36989247311827955 0.1032258064516129
45 0.3041506196294459 0.10370045138387847 0.3279569892473118 0.06774193548387097
47 0.38791352839061133 0.1247010140090098 0.45806451612903226 0.10752688172043011
