4 0.4668873920320909 0.26445142693292706 0.07526881720430108 0.0967741935483871
4 0.4773748481100953 0.26236453106470936 0.07741935483870968 0.0967741935483871
8 0.23911720999456745 0.18549669422599985 0.15483870967741936 0.1935483870967742
18 0.22562086875519846 0.1406247839351316 0.17204301075268819 0.22795698924731184
2 0.33932168760374776 0.5396969917729842 0.5612903225806452 0.7612903225806451
13 0.6443269598595371 0.5481455188292461 0.0989247311827957 0.12258064516129032
13 0.8277213274741256 0.41220585784179065 0.1053763440860215 0.13978494623655913
19 0.2233704754861618 0.6174437727923513 0.36989247311827955 0.4559139784946237
9 0.1800543596644831 0.8106098871664267 0.210752688172043 0.26666666666666666
9 0.5186669337539168 0.38535041971539635 0.2064516129032258 0.26881720430107525
