42 0.11355441076018802 0.6276984387669874 0.140084388185654 0.6618357487922706
20 0.2389574720095864 0.7962132476586786 0.060759493670886074 0.3285024154589372
5 0.26510051314816824 0.7337277899941375 0.032067510548523206 0.11594202898550725
6 0.3281356310545356 0.8139194385845843 0.032067510548523206 0.0748792270531401
6 0.39164393781508394 0.8391674679337282 0.030379746835443037 0.07729468599033816
30 0.4590302777636812 0.45923809722848186 0.28354430379746837 0.5748792270531401
16 0.6197677037752046 0.19560998463897472 0.2379746835443038 0.38768115942028986
5 0.6725042801939298 0.12466976674210725 0.11983122362869199 0.18115942028985507
30 0.881442111540796 0.44996921278149543 0.1670886075949367 0.5990338164251208
5 0.6135944880203634 0.8949320557177532 0.08270042194092828 0.18840579710144928
