5 0.33674001928146585 0.5452134381591108 0.04521739130434783 0.17964071856287425
5 0.32834838458228927 0.5370265374918543 0.050434782608695654 0.17485029940119762
5 0.36987122521159155 0.24209204388882596 0.08347826086956522 0.4167664670658683
15 0.6638371306974737 0.2682788780410583 0.07652173913043478 0.3904191616766467
10 0.7706083192553044 0.24856856198686578 0.07304347826086957 0.34251497005988024
10 0.59382584234109 0.7965526440154459 0.08347826086956522 0.33532934131736525
10 0.7188408769298498 0.7618333906340701 0.08347826086956522 0.3401197604790419
5 0.12649703655704683 0.24879638753281347 0.03826086956521739 0.16047904191616766
5 0.09223147734222029 0.4092907720298828 0.036521739130434785 0.1532934131736527
5 0.06572609734488175 0.6156216805666507 0.04 0.15808383233532936
5 0.14175336938172853 0.6695005264788116 0.08 0.05269461077844311
