3 0.15240407448045792 0.19735477431086743 0.017241379310344827 0.021608643457382955
3 0.15646248517512112 0.19471740047222214 0.01896551724137931 0.024009603841536616
5 0.19119769494428887 0.18610069178667463 0.02586206896551724 0.03361344537815126
4 0.19192631371110508 0.6313866329006121 0.06379310344827586 0.08163265306122448
4 0.27526921784517266 0.6495708867732662 0.04827586206896552 0.062424969987995196
4 0.18679021867082735 0.5180922485201706 0.05862068965517241 0.08883553421368548
13 0.258778870628783 0.3750236215126173 0.12931034482758622 0.17046818727490998
13 0.4487661146573958 0.8164481922881144 0.16551724137931034 0.2064825930372149
13 0.43147518607559576 0.14527660621903604 0.14310344827586208 0.1752701080432173
13 0.6870360141280814 0.30682441181132203 0.14482758620689656 0.18007202881152462
13 0.6644480487093275 0.42160408425362556 0.1482758620689655 0.18967587034813926
