10 0.1511718473860973 0.39144077843076885 0.04713804713804714 0.30133657351154314
5 0.19565807674983365 0.6319807279336677 0.09595959595959595 0.6221142162818954
5 0.1089206059811114 0.7553931907038413 0.06228956228956229 0.28554070473876064
5 0.3502317882192054 0.8467422193864201 0.17087542087542087 0.05589307411907655
5 0.4984352500298996 0.7165696371440953 0.04461279461279461 0.25880923450789795
5 0.7634450330233972 0.7460072599224423 0.1691919191919192 0.05589307411907655
10 0.906942281390384 0.26514531600232827 0.05723905723905724 0.33292831105710813
10 0.8432529508191595 0.2134345419921381 0.05555555555555555 0.33414337788578374
15 0.8332000317103664 0.662151781425875 0.06228956228956229 0.3718104495747266
32 0.5914755837552657 0.28256298583050027 0.08501683501683502 0.44835965978128794
32 0.4020309911880462 0.3168846757207128 0.09006734006734007 0.44835965978128794
