39 0.38692803909910145 0.6885241433653878 0.08766564729867482 0.1571072319201995
5 0.5181030010796925 0.7418557261978284 0.0326197757390418 0.05486284289276808
39 0.45648876867741806 0.6316166591063832 0.06320081549439348 0.1371571072319202
39 0.5832970374092504 0.5694592759776073 0.03058103975535168 0.057356608478802994
39 0.7158588675711678 0.3353889003651808 0.07135575942915393 0.14463840399002495
39 0.628767528556205 0.498000067509942 0.040774719673802244 0.08229426433915212
39 0.5977722369145948 0.3706150210093463 0.040774719673802244 0.0773067331670823
39 0.250149253760367 0.6456929093290656 0.17940876656472987 0.14463840399002495
13 0.5922859120574374 0.46090838588222716 0.14067278287461774 0.2793017456359102
5 0.5221369257536445 0.5894587514997285 0.1651376146788991 0.29177057356608477
