4 0.43198743062500233 0.7287560458235132 0.04886267902274642 0.13110846245530394
4 0.5229356722996412 0.8722014641254843 0.05054759898904802 0.13110846245530394
30 0.10627640780717859 0.36314344673362464 0.1971356360572873 0.5721096543504172
5 0.17146446432660123 0.7829452011410095 0.18365627632687448 0.13587604290822408
32 0.5759201075179887 0.3418608628653067 0.17017691659646167 0.4719904648390942
32 0.5425920161041156 0.3727903726101618 0.16849199663016007 0.47437425506555425
5 0.4873166745279296 0.7293499910756291 0.10109519797809605 0.2693682955899881
10 0.7376708940333665 0.33714979760046104 0.12299915754001685 0.3575685339690107
10 0.8815193438126064 0.29650080983444793 0.11794439764111204 0.33849821215733017
10 0.670217527062745 0.800713187593968 0.12636899747262004 0.3575685339690107
10 0.80364149252028 0.820558157172126 0.11794439764111204 0.33849821215733017
