5 0.9691727979180763 0.024960169028422928 0.03225806451612903 0.023655913978494623
14 0.8799900032924334 0.08565110568040027 0.060215053763440864 0.03655913978494624
3 0.6643756108453323 0.3811796681344705 0.021505376344086023 0.021505376344086023
14 0.6438425379780208 0.37107994653309556 0.047311827956989246 0.05161290322580645
29 0.5203140146143621 0.4655612607958255 0.043010752688172046 0.047311827956989246
3 0.9304504431986796 0.19449961899222792 0.025806451612903226 0.034408602150537634
3 0.7205218548622292 0.41669327770851916 0.04086021505376344 0.043010752688172046
14 0.6884118768615207 0.26148757000735456 0.05591397849462366 0.07526881720430108
49 0.7195174181840777 0.07834755481291658 0.06236559139784946 0.07096774193548387
14 0.6296840725415896 0.21701565648482118 0.047311827956989246 0.05161290322580645
14 0.606193860423958 0.3216813977493022 0.04516129032258064 0.05161290322580645
14 0.5985386668074341 0.08218651577997985 0.04516129032258064 0.05161290322580645
14 0.565815738065536 0.20600746114744828 0.047311827956989246 0.053763440860215055
14 0.5722852899051243 0.1865491362272687 0.04516129032258064 0.053763440860215055
49 0.30580199664760765 0.26728438138796107 0.034408602150537634 0.03870967741935484
3 0.3338189792765472 0.37471317103908175 0.03870967741935484 0.03870967741935484
3 0.6263887206415842 0.4015225816131961 0.010752688172043012 0.015053763440860216
49 0.4188985559812595 0.38224699039535576 0.03870967741935484 0.03225806451612903
29 0.2841471509348002 0.3892416379611554 0.04516129032258064 0.05806451612903226
49 0.36216761051611834 0.1365150412154949 0.02795698924731183 0.03870967741935484
49 0.30184108024515977 0.0558199287729321 0.030107526881720432 0.043010752688172046
5 0.3219938054541806 0.16828399864650898 0.10215053763440861 0.07849462365591398
