39 0.03720626874554507 0.9512873784282754 0.017204301075268817 0.041935483870967745
3 0.311105518065902 0.6048719943016599 0.00967741935483871 0.016129032258064516
3 0.0813034354880092 0.514189091653483 0.00967741935483871 0.015053763440860216
3 0.15434928229284114 0.5230677669776114 0.010752688172043012 0.024731182795698924
39 0.2701321046550923 0.5434254981586245 0.01935483870967742 0.025806451612903226
39 0.33534808064019217 0.439968347823767 0.01935483870967742 0.026881720430107527
39 0.11476182437602439 0.24201848407470614 0.023655913978494623 0.026881720430107527
39 0.19379531389414206 0.236065809915941 0.024731182795698924 0.02795698924731183
39 0.5643149173390412 0.09370394043262165 0.034408602150537634 0.04516129032258064
3 0.20442883064317346 0.1463583723536747 0.021505376344086023 0.02795698924731183
3 0.18336450127375423 0.20322049385148855 0.015053763440860216 0.02903225806451613
