5 0.6673528576973657 0.8217999718818669 0.005376344086021506 0.013978494623655914
5 0.5535047849782275 0.7940845769979067 0.005376344086021506 0.012903225806451613
5 0.6515765564713969 0.7926692816141585 0.005376344086021506 0.012903225806451613
5 0.6059160812472503 0.9065886682665999 0.0032258064516129032 0.011827956989247311
5 0.6438348493843556 0.8277209358333538 0.005376344086021506 0.011827956989247311
5 0.6442437253097177 0.863292045477157 0.005376344086021506 0.011827956989247311
5 0.5756576106196433 0.7997473922272033 0.005376344086021506 0.011827956989247311
5 0.6669278385011153 0.8407946328362463 0.0064516129032258064 0.012903225806451613
5 0.5907969123026886 0.6797625718540824 0.008602150537634409 0.013978494623655914
5 0.5654877013208146 0.8186898863563217 0.0064516129032258064 0.012903225806451613
5 0.7359623958708837 0.6742733431919689 0.007526881720430108 0.013978494623655914
5 0.7007288009449381 0.7547824106832784 0.0064516129032258064 0.012903225806451613
5 0.7971356220170032 0.880648234114657 0.005376344086021506 0.011827956989247311
5 0.6653810286285833 0.7662972875127766 0.008602150537634409 0.012903225806451613
5 0.6466037695951762 0.7885867976134963 0.010752688172043012 0.012903225806451613
5 0.6277770960407156 0.7948854772153575 0.0064516129032258064 0.011827956989247311
5 0.6646515893466162 0.8048894737841823 0.0064516129032258064 0.011827956989247311
5 0.643042360895369 0.7427922452102053 0.013978494623655914 0.0064516129032258064
5 0.6303660556208606 0.7830714839701012 0.015053763440860216 0.007526881720430108
5 0.5911709435053197 0.8768227870247586 0.013978494623655914 0.005376344086021506
5 0.7022986583038452 0.7487394740651983 0.013978494623655914 0.005376344086021506
5 0.6305640963358276 0.6755142139052278 0.005376344086021506 0.00967741935483871
5 0.7325414858478688 0.8639816507249348 0.005376344086021506 0.008602150537634409
5 0.6987655764959442 0.695122299755501 0.004301075268817204 0.007526881720430108
5 0.6803593639061086 0.5829711692720707 0.004301075268817204 0.007526881720430108
5 0.5526456450497137 0.7354381042443844 0.004301075268817204 0.007526881720430108
5 0.756232057037887 0.7642699172694812 0.004301075268817204 0.007526881720430108
5 0.5908304394410728 0.7813257009265203 0.005376344086021506 0.008602150537634409
5 0.6617069853344167 0.737654379194751 0.004301075268817204 0.007526881720430108
5 0.7277393954113235 0.7260278397261436 0.004301075268817204 0.007526881720430108
5 0.6758812104045087 0.6655038069174476 0.004301075268817204 0.007526881720430108
5 0.6780391906166418 0.7306692309446498 0.004301075268817204 0.007526881720430108
5 0.6298508644228717 0.7376897162171522 0.004301075268817204 0.007526881720430108
5 0.7378211383868463 0.82050435654118 0.004301075268817204 0.007526881720430108
5 0.7038841742159382 0.6834461288727505 0.004301075268817204 0.007526881720430108
5 0.7074873032929124 0.6381681313938596 0.004301075268817204 0.007526881720430108
5 0.7032520052421092 0.7040124466906459 0.004301075268817204 0.007526881720430108
5 0.6258216365150425 0.7730127620364127 0.004301075268817204 0.007526881720430108
5 0.540898917762908 0.6363205755410134 0.004301075268817204 0.007526881720430108
5 0.7047813585721117 0.7371543658126084 0.004301075268817204 0.007526881720430108
5 0.6610838174802696 0.4338129627891548 0.005376344086021506 0.008602150537634409
5 0.5598751703039999 0.8172301368585911 0.005376344086021506 0.008602150537634409
5 0.6229975360567969 0.7487807678959781 0.005376344086021506 0.008602150537634409
5 0.5860742999582083 0.7694080042178434 0.005376344086021506 0.008602150537634409
5 0.634598908074682 0.7236649708334003 0.005376344086021506 0.008602150537634409
5 0.6177048162338186 0.7069085333093152 0.0064516129032258064 0.008602150537634409
5 0.5947164849533031 0.6585799474457495 0.005376344086021506 0.008602150537634409
3 0.6428254360182495 0.7399841938928786 0.015053763440860216 0.00967741935483871
39 0.5768167893947675 0.7388934330831329 0.007526881720430108 0.008602150537634409
39 0.5279813901960079 0.6911861447492728 0.005376344086021506 0.00967741935483871
3 0.531952283073886 0.71751435137226 0.004301075268817204 0.008602150537634409
3 0.6435553975108415 0.5601399089045609 0.005376344086021506 0.012903225806451613
39 0.49433391544707184 0.6865903878618659 0.010752688172043012 0.00967741935483871
3 0.3993673013955482 0.7074500654916521 0.012903225806451613 0.0064516129032258064
3 0.4738745373315448 0.7635856734775028 0.012903225806451613 0.005376344086021506
3 0.6386747689587728 0.9114144057560285 0.013978494623655914 0.0064516129032258064
39 0.7719815287890714 0.6776134908630281 0.011827956989247311 0.02043010752688172
39 0.7347473281533636 0.7667759393071552 0.010752688172043012 0.023655913978494623
39 0.5467516097131143 0.8425602062054548 0.011827956989247311 0.017204301075268817
39 0.4830303674900015 0.8274704090780749 0.011827956989247311 0.02043010752688172
39 0.6227107161617574 0.8376718621575495 0.00967741935483871 0.01827956989247312
39 0.5834091339827371 0.9624990789814248 0.008602150537634409 0.017204301075268817
39 0.4514732613797534 0.9364151881148748 0.008602150537634409 0.01935483870967742
39 0.5765070594448903 0.8275407983596359 0.00967741935483871 0.01827956989247312
39 0.5249578588514713 0.7372002460466741 0.008602150537634409 0.01935483870967742
39 0.4586589014681601 0.9052186537428314 0.007526881720430108 0.013978494623655914
39 0.6273402910746658 0.7342384658483457 0.004301075268817204 0.012903225806451613
39 0.4550796883622442 0.767051893369266 0.0064516129032258064 0.012903225806451613
39 0.5019208964780921 0.8131770271203398 0.005376344086021506 0.015053763440860216
39 0.5067518634825643 0.8191921542357546 0.0064516129032258064 0.011827956989247311
39 0.5779025010943875 0.7746771540888169 0.004301075268817204 0.011827956989247311
39 0.48107512049054635 0.857737020648139 0.008602150537634409 0.011827956989247311
5 0.466521813889381 0.8009166809867316 0.0064516129032258064 0.015053763440860216
5 0.5139616390730286 0.8306353444810985 0.0064516129032258064 0.016129032258064516
39 0.6423054427717163 0.8307707427251354 0.00967741935483871 0.015053763440860216
39 0.5708205795576128 0.9044483843431227 0.007526881720430108 0.013978494623655914
39 0.5925100625527892 0.8319303198015549 0.008602150537634409 0.015053763440860216
39 0.45826121884517096 0.9368008177099728 0.00967741935483871 0.012903225806451613
39 0.5984607631949675 0.6345704970789153 0.008602150537634409 0.010752688172043012
39 0.5431247822510444 0.8398853006085598 0.0064516129032258064 0.013978494623655914
39 0.4039006371976676 0.8226929237743141 0.007526881720430108 0.013978494623655914
39 0.3510362352874187 0.9301775975733755 0.010752688172043012 0.016129032258064516
39 0.6150321751170688 0.9665360030260901 0.00967741935483871 0.015053763440860216
39 0.5467738813691774 0.7964470601257377 0.007526881720430108 0.017204301075268817
39 0.5680954035281406 0.8375911058752992 0.008602150537634409 0.01827956989247312
39 0.5364797915607386 0.9252046343866934 0.007526881720430108 0.017204301075268817
39 0.5449652923217712 0.9207267718591405 0.008602150537634409 0.01935483870967742
39 0.5712162285518858 0.916120763285362 0.008602150537634409 0.016129032258064516
39 0.5206692898215528 0.8859128594215306 0.005376344086021506 0.016129032258064516
3 0.28010113569068446 0.77913808036815 0.005376344086021506 0.012903225806451613
3 0.4599240678529269 0.9223592776516747 0.005376344086021506 0.012903225806451613
39 0.5356590471156442 0.9042006641358409 0.008602150537634409 0.015053763440860216
39 0.48964694283144344 0.9389662774074511 0.00967741935483871 0.015053763440860216
39 0.3585884635570583 0.8883799475643076 0.008602150537634409 0.015053763440860216
39 0.4927492753755559 0.9294899426089283 0.00967741935483871 0.01827956989247312
39 0.46983086358979476 0.9225220983071883 0.00967741935483871 0.017204301075268817
39 0.45155190745963736 0.9270639259540976 0.00967741935483871 0.01827956989247312
39 0.34131378884197017 0.8682872541555914 0.013978494623655914 0.02043010752688172
39 0.38747401380006974 0.9838589132143062 0.008602150537634409 0.015053763440860216
39 0.4319997723925221 0.9074440051671425 0.00967741935483871 0.016129032258064516
39 0.339965358302656 0.9353583572523277 0.008602150537634409 0.025806451612903226
3 0.5238176575281833 0.8410796727343492 0.02043010752688172 0.012903225806451613
5 0.3618463599747119 0.9551275378748986 0.007526881720430108 0.01935483870967742
39 0.45685482667971405 0.8107762183462064 0.008602150537634409 0.021505376344086023
3 0.31737694294851115 0.9092353628722054 0.010752688172043012 0.02795698924731183
39 0.3899946503330855 0.8562289675548848 0.02903225806451613 0.010752688172043012
3 0.34865529291674563 0.8150942826188069 0.024731182795698924 0.00967741935483871
39 0.4211460193858944 0.9724985481091072 0.02258064516129032 0.03978494623655914
3 0.3520944768340181 0.8696523792669912 0.024731182795698924 0.01935483870967742
5 0.22211991556145866 0.8829588967283262 0.02903225806451613 0.016129032258064516
39 0.2930040514312094 0.876411203653569 0.024731182795698924 0.01827956989247312
39 0.2413457623739113 0.8272213579111792 0.03333333333333333 0.03118279569892473
39 0.28666830733920823 0.845676164865371 0.025806451612903226 0.023655913978494623
39 0.23127359517063362 0.7805691439476445 0.03118279569892473 0.021505376344086023
5 0.1534719621935473 0.7956409769943679 0.02903225806451613 0.021505376344086023
39 0.15459513659826335 0.817440755359379 0.02903225806451613 0.015053763440860216
39 0.3200120491296543 0.7134076715859684 0.04408602150537634 0.017204301075268817
39 0.890918111978589 0.513485674169301 0.03763440860215054 0.01827956989247312
3 0.70304612175461 0.5414771940606816 0.00967741935483871 0.021505376344086023
3 0.7610282009288155 0.48799722927603423 0.007526881720430108 0.01827956989247312
3 0.7250016604167082 0.5077223169551304 0.02043010752688172 0.011827956989247311
3 0.70989595277403 0.5882906103193698 0.01935483870967742 0.012903225806451613
39 0.8848491215816353 0.6143189308028597 0.025806451612903226 0.030107526881720432
3 0.2493469448078772 0.5695993132707508 0.03870967741935484 0.035483870967741936
39 0.22339439443612508 0.5500476959753036 0.03225806451612903 0.03225806451612903
39 0.27670295128698164 0.4445425905907022 0.035483870967741936 0.03333333333333333
39 0.366636134343646 0.48548602589002704 0.03118279569892473 0.024731182795698924
39 0.48226668177315146 0.5982844057649278 0.026881720430107527 0.01827956989247312
39 0.5383120690659867 0.5224576850762298 0.030107526881720432 0.02795698924731183
39 0.47828058364005 0.4136653601417434 0.034408602150537634 0.02258064516129032
39 0.4240854572332999 0.3560108577985225 0.03763440860215054 0.023655913978494623
39 0.19775568337780064 0.4042065792475915 0.035483870967741936 0.023655913978494623
39 0.13658350952627552 0.40140611313138885 0.03333333333333333 0.023655913978494623
39 0.1779849942471602 0.5090624154346531 0.03978494623655914 0.02903225806451613
39 0.05913375374402096 0.35602060713347705 0.035483870967741936 0.02258064516129032
39 0.19995856603637668 0.37284168065443585 0.04086021505376344 0.025806451612903226
39 0.2997146505009345 0.3435493253575108 0.03333333333333333 0.024731182795698924
39 0.40668512072209556 0.26299664347055146 0.03870967741935484 0.017204301075268817
39 0.4580200100899551 0.2551105331041363 0.03225806451612903 0.015053763440860216
39 0.12439758053942165 0.16984434043475946 0.03655913978494624 0.02258064516129032
39 0.24734492978484673 0.13424411814425125 0.04408602150537634 0.02903225806451613
39 0.3235583517248941 0.05187608599567685 0.046236559139784944 0.030107526881720432
3 0.5290692918416274 0.029369304364418244 0.03655913978494624 0.023655913978494623
