49 0.444057969968994 0.9687474598199727 0.04946236559139785 0.04516129032258064
12 0.495164521238759 0.8594592027753543 0.023655913978494623 0.053763440860215055
3 0.6919839391682665 0.8098503640347128 0.00967741935483871 0.025806451612903226
3 0.734032288558429 0.8449259925540967 0.011827956989247311 0.035483870967741936
5 0.6729816011553413 0.7375455029299472 0.012903225806451613 0.03978494623655914
3 0.49213287934129496 0.6205340419336294 0.008602150537634409 0.01827956989247312
3 0.6909913457675596 0.7461314139756611 0.010752688172043012 0.024731182795698924
49 0.8912873451699707 0.7772267092533826 0.03225806451612903 0.02795698924731183
3 0.8785324364886379 0.7794102767233948 0.043010752688172046 0.030107526881720432
3 0.833806322699033 0.8773690947540143 0.04086021505376344 0.02795698924731183
49 0.9427324434686769 0.7232585002544778 0.03655913978494624 0.030107526881720432
3 0.8843749380924979 0.8389539945200007 0.043010752688172046 0.03225806451612903
3 0.8205168307557438 0.9588412800415074 0.03655913978494624 0.030107526881720432
3 0.9771158302838033 0.7403477088962309 0.03225806451612903 0.025806451612903226
3 0.8621191686721982 0.726413156755023 0.025806451612903226 0.017204301075268817
3 0.9214308209060496 0.6446327642252345 0.01935483870967742 0.015053763440860216
3 0.7200676034497362 0.7521312184005787 0.03225806451612903 0.01935483870967742
3 0.8403565743400706 0.7559987697211883 0.03655913978494624 0.023655913978494623
3 0.8261745389837816 0.7501846487262293 0.043010752688172046 0.030107526881720432
39 0.8210486012984813 0.8367423578313788 0.043010752688172046 0.021505376344086023
39 0.8176494499418121 0.9459988041246117 0.04086021505376344 0.01935483870967742
39 0.6719582485486918 0.9698286393241801 0.04946236559139785 0.021505376344086023
25 0.8515662794046588 0.8489415268910454 0.047311827956989246 0.030107526881720432
25 0.8060293692312622 0.7996217039229679 0.047311827956989246 0.02795698924731183
49 0.8593894471803922 0.921874051423669 0.04516129032258064 0.030107526881720432
25 0.88770266908476 0.857633369360332 0.07096774193548387 0.03118279569892473
