3 0.7403755665665124 0.7826448396049333 0.03763440860215054 0.011827956989247311
3 0.7438906497717238 0.7917353528189176 0.03978494623655914 0.00967741935483871
49 0.7503732164362453 0.8085390253029097 0.06451612903225806 0.017204301075268817
3 0.7388281586948419 0.8525515260049397 0.04516129032258064 0.017204301075268817
3 0.7370950636580854 0.8629689836270271 0.05161290322580645 0.023655913978494623
25 0.7398406801944789 0.8745507839068474 0.053763440860215055 0.025806451612903226
25 0.7269733383850251 0.8861177527026638 0.05161290322580645 0.025806451612903226
4 0.582882353861175 0.8976067326604644 0.13118279569892474 0.030107526881720432
4 0.5812384834818526 0.8734559642764892 0.12903225806451613 0.030107526881720432
4 0.6110519120757737 0.8499796322143249 0.1956989247311828 0.034408602150537634
4 0.6076931677011777 0.8041896588997169 0.1956989247311828 0.03655913978494624
4 0.5884212264808019 0.775128859674681 0.10967741935483871 0.030107526881720432
4 0.5949395639390935 0.753317472422869 0.10752688172043011 0.02795698924731183
30 0.5849147003944674 0.7344259036300539 0.08817204301075268 0.02795698924731183
30 0.5936712435638124 0.7119236193700688 0.09032258064516129 0.02795698924731183
