12 0.9446429951498625 0.6628779256515301 0.053763440860215055 0.1086021505376344
12 0.8219117969289483 0.9435966776120938 0.07526881720430108 0.08387096774193549
12 0.8207587810473994 0.8788055511058188 0.06881720430107527 0.08172043010752689
12 0.7627774868349326 0.8813874061689131 0.06666666666666667 0.07956989247311828
12 0.7258286791144495 0.8764628440455843 0.06881720430107527 0.08387096774193549
12 0.705861381219341 0.9152373442017275 0.02795698924731183 0.03225806451612903
12 0.7262406519856687 0.8426903893047812 0.02795698924731183 0.03225806451612903
12 0.7042244639153831 0.8626630733215395 0.025806451612903226 0.030107526881720432
12 0.6125546565200481 0.7764655316686186 0.023655913978494623 0.02795698924731183
3 0.7789054690027252 0.9671909260793436 0.021505376344086023 0.015053763440860216
