12 0.9670599876894611 0.7812031285781965 0.054838709677419356 0.08279569892473118
12 0.9323278006704465 0.8392974111647709 0.07419354838709677 0.08172043010752689
12 0.962154099473326 0.854861580399657 0.06774193548387097 0.07956989247311828
12 0.8498336764637479 0.8378855345177094 0.06559139784946237 0.07741935483870968
12 0.8557637575364241 0.9049189610947069 0.06774193548387097 0.08172043010752689
12 0.8791925254166467 0.902380212555823 0.025806451612903226 0.030107526881720432
12 0.8451143321552871 0.9629405913687744 0.025806451612903226 0.030107526881720432
12 0.8455376225418715 0.9214716222112708 0.024731182795698924 0.02795698924731183
12 0.8430380925574383 0.9174747156661562 0.023655913978494623 0.026881720430107527
3 0.8130972343521846 0.9135122007257168 0.02043010752688172 0.013978494623655914
