49 0.9059420979687822 0.5943777884398019 0.08494623655913978 0.07311827956989247
49 0.2716171976384726 0.88254667814782 0.054838709677419356 0.07849462365591398
49 0.3955974302000911 0.939384753277832 0.046236559139784944 0.06559139784946237
49 0.3486601396763057 0.8578681224218633 0.04838709677419355 0.06344086021505377
49 0.3170815208326235 0.8527415005594268 0.054838709677419356 0.07849462365591398
49 0.34140190320143365 0.8057074703900261 0.05698924731182796 0.06666666666666667
39 0.3255821255478046 0.6157213021402426 0.05268817204301075 0.013978494623655914
49 0.33568206710898496 0.7202852549879128 0.046236559139784944 0.06989247311827956
49 0.3095851275018778 0.7056179500352588 0.07204301075268817 0.07419354838709677
49 0.2776925585580426 0.6283589365254976 0.05913978494623656 0.06451612903225806
49 0.3284968141006324 0.5916856205199283 0.06989247311827956 0.02903225806451613
49 0.36033297342283255 0.652528434832855 0.05268817204301075 0.035483870967741936
49 0.31304683117468307 0.5468255475279001 0.04408602150537634 0.04408602150537634
49 0.3292073405127604 0.5483719591670769 0.05591397849462366 0.017204301075268817
3 0.5800349173383994 0.021194699446183872 0.024731182795698924 0.01827956989247312
14 0.5106708073124329 0.11204543739576915 0.0913978494623656 0.12150537634408602
12 0.42388426896825737 0.335437431408578 0.041935483870967745 0.03763440860215054
12 0.4967125248454295 0.23998385922815219 0.07634408602150537 0.07849462365591398
12 0.5018095494356404 0.3118057874572859 0.07634408602150537 0.07741935483870968
25 0.6033899602551608 0.3342401812711062 0.11720430107526882 0.11720430107526882
