5 0.536540934040819 0.9751311272290958 0.04946236559139785 0.041935483870967745
14 0.4943388143083599 0.9833828507713563 0.02795698924731183 0.026881720430107527
3 0.5043735046090126 0.9468046569685057 0.017204301075268817 0.04086021505376344
14 0.4913631726513497 0.9052347865122913 0.02795698924731183 0.08494623655913978
14 0.6213004344721377 0.035732258775262475 0.06451612903225806 0.05591397849462366
49 0.4705078625370363 0.7915295474231676 0.054838709677419356 0.07849462365591398
49 0.4737511877258218 0.7655247190089468 0.046236559139784944 0.06559139784946237
49 0.5092140909800417 0.7639570993791827 0.04838709677419355 0.06344086021505377
49 0.4613951018362466 0.7430747458943041 0.054838709677419356 0.07849462365591398
49 0.47454598504502055 0.6866162155211056 0.05698924731182796 0.06559139784946237
39 0.3684574699440921 0.522115398756536 0.05268817204301075 0.013978494623655914
49 0.43749597478588426 0.5943861516256598 0.046236559139784944 0.06989247311827956
49 0.4470031527993174 0.5482028568547839 0.07204301075268817 0.07419354838709677
49 0.4656595414588743 0.5012081464588 0.060215053763440864 0.06344086021505377
49 0.4470207728853857 0.48175408208168363 0.06989247311827956 0.02903225806451613
49 0.4030889816626513 0.44842535207949946 0.05268817204301075 0.035483870967741936
49 0.4349661883783975 0.419075364876097 0.04408602150537634 0.04408602150537634
49 0.4656894896992391 0.42021536737568904 0.05591397849462366 0.017204301075268817
12 0.5900182818170695 0.15174986399006107 0.041935483870967745 0.03763440860215054
12 0.6567471716023854 0.15226169518156793 0.07634408602150537 0.07849462365591398
12 0.6336832874430868 0.2101672208460076 0.07634408602150537 0.07741935483870968
25 0.6798802497713581 0.1867404933706798 0.11827956989247312 0.11720430107526882
