5 0.22646468073506412 0.916210158708984 0.015053763440860216 0.023655913978494623
5 0.2711473770215861 0.9755976919554118 0.01827956989247312 0.02903225806451613
5 0.2176523160725208 0.8008998889719547 0.011827956989247311 0.02795698924731183
5 0.0531614938375055 0.9495406554520134 0.008602150537634409 0.024731182795698924
5 0.3866084451798885 0.853433001353565 0.005376344086021506 0.013978494623655914
12 0.0636685662089217 0.6788342456569675 0.054838709677419356 0.05698924731182796
49 0.0928001982159597 0.622281596421464 0.05806451612903226 0.05591397849462366
12 0.13870045476393156 0.28567056981102934 0.04086021505376344 0.054838709677419356
5 0.31212461337096353 0.49804726943350425 0.021505376344086023 0.024731182795698924
5 0.04251760278355429 0.16324523897193255 0.015053763440860216 0.026881720430107527
5 0.6660172529413462 0.4218447254561586 0.017204301075268817 0.03118279569892473
3 0.11972652610531773 0.3122113121318732 0.013978494623655914 0.024731182795698924
12 0.2294203785814406 0.6347164490488327 0.03655913978494624 0.015053763440860216
