5 0.7758184873438358 0.4832398744715722 0.01935483870967742 0.011827956989247311
5 0.6306406258585813 0.5310584016311511 0.026881720430107527 0.016129032258064516
5 0.5928656940166018 0.5343634361332485 0.01827956989247312 0.011827956989247311
3 0.8023960103470913 0.46816431807415343 0.02903225806451613 0.017204301075268817
3 0.7491023107955328 0.4901444743308868 0.02258064516129032 0.015053763440860216
3 0.7019789316119877 0.4945814009128766 0.02258064516129032 0.013978494623655914
3 0.6428580247751516 0.47322819485648365 0.01827956989247312 0.011827956989247311
3 0.34097585799735375 0.5865998679516441 0.03333333333333333 0.02043010752688172
3 0.29657516852125615 0.6347474347400621 0.02795698924731183 0.01827956989247312
3 0.279010927027669 0.6294115682905642 0.02043010752688172 0.013978494623655914
3 0.2774851726932589 0.5969900589670382 0.024731182795698924 0.015053763440860216
3 0.2050887726239459 0.6546398800621878 0.034408602150537634 0.01935483870967742
