29 0.851865025210861 0.1640101505216393 0.05698924731182796 0.04516129032258064
5 0.6701277514642325 0.7760450939977063 0.03655913978494624 0.043010752688172046
5 0.8906417446567535 0.9041727334814573 0.04516129032258064 0.053763440860215055
5 0.34228192631722726 0.763265754703291 0.07741935483870968 0.09247311827956989
5 0.25104336262128246 0.8029535590776833 0.07526881720430108 0.09247311827956989
5 0.18245833197666006 0.8574518107758469 0.07311827956989247 0.09032258064516129
5 0.34632478437163583 0.9394149437258968 0.07956989247311828 0.0989247311827957
5 0.5056899271371043 0.7755377363178961 0.09247311827956989 0.07096774193548387
29 0.5321369782334217 0.8476048091959262 0.060215053763440864 0.04946236559139785
5 0.5415899905353092 0.7648923966554373 0.1032258064516129 0.07526881720430108
30 0.5867269114637088 0.8898553352099263 0.060215053763440864 0.04086021505376344
29 0.817537251116925 0.6995125238633351 0.07096774193548387 0.05591397849462366
5 0.7819153392542952 0.599038088190082 0.01935483870967742 0.030107526881720432
30 0.811638737911335 0.5998447872855427 0.12258064516129032 0.16344086021505377
29 0.6248938220864461 0.5267955560173814 0.12473118279569892 0.09247311827956989
29 0.5413212883374952 0.6970946655654499 0.12688172043010754 0.09247311827956989
5 0.3745329260354576 0.6045537660499786 0.07956989247311828 0.1053763440860215
5 0.3430058333724559 0.6702633284776388 0.08602150537634409 0.10967741935483871
49 0.23720257831534447 0.5259838037392713 0.03655913978494624 0.047311827956989246
12 0.12328439767841741 0.5008917164472064 0.09462365591397849 0.12473118279569892
12 0.07193582746735841 0.2727578693085489 0.03655913978494624 0.043010752688172046
5 0.054887701713973676 0.08271309687146937 0.1010752688172043 0.12473118279569892
34 0.7992167994546157 0.17708495839914318 0.11505376344086021 0.20430107526881722
49 0.5705043290719245 0.1368358733403454 0.15806451612903225 0.1978494623655914
49 0.5324446566946309 0.16914953572365787 0.10752688172043011 0.14623655913978495
49 0.5546346525273236 0.16735707056382415 0.11182795698924732 0.15053763440860216
4 0.7906630789819921 0.33075904342724977 0.1978494623655914 0.26666666666666666
