3 0.8907924920091346 0.5614415535051731 0.015053763440860216 0.03978494623655914
34 0.506372081312117 0.0618073754777731 0.09032258064516129 0.08387096774193549
4 0.1910366495280041 0.0890076287563172 0.13978494623655913 0.15913978494623657
14 0.4631610328107422 0.9290244587511657 0.10215053763440861 0.08387096774193549
14 0.5453658245724388 0.9226318727302222 0.12150537634408602 0.11612903225806452
14 0.6018906019884392 0.8650269107498806 0.2129032258064516 0.221505376344086
14 0.03278888488122062 0.9675101470413351 0.04838709677419355 0.06344086021505377
5 0.10611036294778228 0.9260144779899891 0.07741935483870968 0.06559139784946237
5 0.2400761817718654 0.9712942426727578 0.04086021505376344 0.053763440860215055
5 0.19088484847591136 0.9431310489374258 0.04086021505376344 0.05161290322580645
5 0.12912688506607878 0.9268874552405626 0.11290322580645161 0.0956989247311828
29 0.484135838538195 0.8366394487147905 0.06236559139784946 0.07311827956989247
29 0.4788556244584554 0.9318292902459246 0.05161290322580645 0.05806451612903226
5 0.3061870661596141 0.5048905757956419 0.03655913978494624 0.04516129032258064
5 0.34308940591443526 0.5751909316370833 0.04946236559139785 0.05806451612903226
14 0.04628300637811526 0.4579512567893326 0.06451612903225806 0.047311827956989246
29 0.18300331249860188 0.4402924686162027 0.07526881720430108 0.060215053763440864
5 0.2816469565126192 0.33866711071901706 0.023655913978494623 0.03225806451612903
30 0.22093700956213405 0.2802192493030381 0.12473118279569892 0.16774193548387098
29 0.07112676726563516 0.22847786406939205 0.12903225806451613 0.0989247311827957
