5 0.03709726146458916 0.022218351318393868 0.04516129032258064 0.03978494623655914
5 0.10115578593455055 0.06949428966590886 0.04086021505376344 0.04516129032258064
5 0.0804811581785106 0.07085878637954808 0.060215053763440864 0.06451612903225806
5 0.1803803484653128 0.09125520930989917 0.05161290322580645 0.043010752688172046
5 0.9928126645806425 0.47569977524196944 0.012903225806451613 0.01827956989247312
5 0.9881279506845099 0.48943952121613726 0.023655913978494623 0.021505376344086023
39 0.9846092307952136 0.49716102969049236 0.021505376344086023 0.021505376344086023
5 0.9772662507558758 0.5050843933700345 0.01935483870967742 0.01935483870967742
5 0.9548003289538156 0.4516200795890083 0.06451612903225806 0.05161290322580645
5 0.8137095944684978 0.411377633423744 0.13118279569892474 0.09462365591397849
5 0.8189416100941164 0.3756624736267451 0.1827956989247312 0.12258064516129032
5 0.6202507727146205 0.25157092912840706 0.1956989247311828 0.13548387096774195
5 0.5969648318971531 0.2746435507737026 0.1935483870967742 0.13763440860215054
29 0.30523225345005556 0.19159769836292342 0.04086021505376344 0.03655913978494624
29 0.309588273948888 0.2140210401371069 0.04086021505376344 0.034408602150537634
14 0.26142357275522016 0.24003289542358927 0.07741935483870968 0.06666666666666667
5 0.2772550924245133 0.27850003423424946 0.03870967741935484 0.060215053763440864
5 0.30070504526149644 0.3226388814777432 0.05161290322580645 0.03225806451612903
5 0.31426146287091944 0.34097085731736987 0.053763440860215055 0.04086021505376344
5 0.33965403402800204 0.3538267253802312 0.07741935483870968 0.05161290322580645
3 0.3667292484021903 0.3930935617526039 0.023655913978494623 0.023655913978494623
30 0.35991241140155167 0.3710024382172592 0.08817204301075268 0.060215053763440864
29 0.37293827424483283 0.4579525510460855 0.04086021505376344 0.04516129032258064
5 0.686127572401985 0.8365485733146453 0.05591397849462366 0.06236559139784946
29 0.45496933167730463 0.5559987661584184 0.08817204301075268 0.10752688172043011
29 0.5668001621862413 0.6387757026593642 0.1010752688172043 0.12473118279569892
29 0.5338096443194548 0.6606605645018783 0.0989247311827957 0.12258064516129032
