5 0.6068635690380758 0.8940051225754732 0.03978494623655914 0.05161290322580645
5 0.34728681845653653 0.8971689413251422 0.03763440860215054 0.047311827956989246
5 0.5542309850896217 0.7169737681933526 0.041935483870967745 0.047311827956989246
5 0.5579442914594522 0.8138946358744074 0.1010752688172043 0.07741935483870968
5 0.4910849713442092 0.8699776587843511 0.04086021505376344 0.03978494623655914
5 0.4363821065452944 0.8654505375360732 0.05268817204301075 0.053763440860215055
5 0.48458081253746527 0.5564739030355492 0.07311827956989247 0.09462365591397849
5 0.5426898345059213 0.7226399195502277 0.07204301075268817 0.09247311827956989
49 0.27574260269491613 0.20492040796810768 0.2989247311827957 0.16129032258064516
49 0.06550997761927005 0.2850678040074799 0.11290322580645161 0.06236559139784946
49 0.1433621978889021 0.049495438281061115 0.12473118279569892 0.09462365591397849
49 0.5773533616078592 0.14988476963552796 0.2021505376344086 0.14946236559139786
49 0.22407004536988584 0.12908533641689718 0.23010752688172043 0.16344086021505377
29 0.4571269308380032 0.25318027781549185 0.12150537634408602 0.0935483870967742
49 0.4403807238972626 0.1858234594608788 0.14301075268817204 0.1053763440860215
3 0.02417811853918292 0.49784954259427905 0.017204301075268817 0.023655913978494623
3 0.12624233330414866 0.6003275785392573 0.03225806451612903 0.034408602150537634
5 0.36639631590801813 0.7320636859105064 0.3118279569892473 0.2086021505376344
