3 0.6449519469623947 0.9875243653223473 0.01827956989247312 0.021505376344086023
3 0.6373996825766581 0.9717519188157351 0.010752688172043012 0.02043010752688172
3 0.6590375835494527 0.9361110578970031 0.03870967741935484 0.016129032258064516
3 0.6760202290254109 0.9085356348343737 0.00967741935483871 0.02043010752688172
25 0.6925591968870926 0.870807022767551 0.017204301075268817 0.04838709677419355
3 0.671038280868999 0.8292551922740049 0.008602150537634409 0.01827956989247312
39 0.6933908158120965 0.7884513347649845 0.01827956989247312 0.02795698924731183
3 0.6677499525378533 0.7430907368901868 0.015053763440860216 0.03763440860215054
3 0.6620367766509533 0.7414022865606112 0.007526881720430108 0.021505376344086023
25 0.6586044197088178 0.6755596234312448 0.021505376344086023 0.04516129032258064
49 0.652968062935166 0.619775478187534 0.01935483870967742 0.047311827956989246
3 0.651874685386373 0.5582323034596809 0.00967741935483871 0.026881720430107527
12 0.8873534703309466 0.989688430538039 0.02043010752688172 0.02043010752688172
12 0.8862943970083378 0.9357978741707885 0.01935483870967742 0.05591397849462366
12 0.898131111464184 0.8670269785357122 0.01935483870967742 0.06344086021505377
12 0.8361692515840504 0.5822711244918537 0.03655913978494624 0.07849462365591398
12 0.8440922564040896 0.019119586363213193 0.01935483870967742 0.017204301075268817
3 0.6662948018109931 0.01265750094839249 0.02043010752688172 0.010752688172043012
3 0.6519690315088716 0.004782342419694021 0.01935483870967742 0.008602150537634409
3 0.7032348834063483 0.022409999220815813 0.021505376344086023 0.007526881720430108
3 0.6752147816179334 0.042142766061008564 0.021505376344086023 0.005376344086021506
3 0.6682706063431337 0.0354690378471599 0.02043010752688172 0.0064516129032258064
3 0.6744810526586418 0.05535495280534638 0.023655913978494623 0.008602150537634409
3 0.6760729989056158 0.06285726069155761 0.02258064516129032 0.0064516129032258064
3 0.6548570625729158 0.07197506173800616 0.02258064516129032 0.005376344086021506
3 0.6735930404879553 0.07206318592817965 0.024731182795698924 0.010752688172043012
3 0.7063229219875414 0.16202788254841197 0.025806451612903226 0.008602150537634409
3 0.6773032055271421 0.1327914111948053 0.024731182795698924 0.00967741935483871
3 0.6798512160498429 0.12469001130886136 0.023655913978494623 0.010752688172043012
3 0.6791359081913341 0.10647655400487364 0.025806451612903226 0.013978494623655914
3 0.7000994606291743 0.09249161267344286 0.026881720430107527 0.013978494623655914
3 0.852564343622608 0.47361682509554337 0.021505376344086023 0.00967741935483871
3 0.8649171378180432 0.45464789500175284 0.02903225806451613 0.00967741935483871
3 0.8515746904905029 0.44010504052521643 0.02903225806451613 0.00967741935483871
3 0.8438223993487333 0.40013441368871405 0.02903225806451613 0.00967741935483871
3 0.8633056681692696 0.40883239323189063 0.02903225806451613 0.00967741935483871
3 0.845574618074029 0.40184011256860075 0.02903225806451613 0.00967741935483871
3 0.8355033146875395 0.3735802030097054 0.024731182795698924 0.00967741935483871
3 0.8393530139324789 0.3786655815554115 0.02903225806451613 0.00967741935483871
3 0.8433812110971878 0.3480543874238573 0.02903225806451613 0.00967741935483871
3 0.8674021371344335 0.3191769886933013 0.015053763440860216 0.041935483870967745
25 0.6741304381348822 0.45043430119541344 0.021505376344086023 0.05698924731182796
25 0.6736373597571638 0.37438482903878223 0.02043010752688172 0.04946236559139785
3 0.6719102868455333 0.29594356108063985 0.02258064516129032 0.04946236559139785
12 0.8890404979722422 0.2567149768439412 0.01827956989247312 0.060215053763440864
12 0.8571524674029268 0.17915817822652255 0.012903225806451613 0.035483870967741936
12 0.8476823592175139 0.1862377012893226 0.012903225806451613 0.04086021505376344
12 0.8683850240510993 0.07458166050348572 0.016129032258064516 0.053763440860215055
3 0.697955877376512 0.19788857682044392 0.010752688172043012 0.03655913978494624
25 0.6701490826745681 0.16305019997818457 0.01935483870967742 0.054838709677419356
