5 0.12884117761198208 0.9908184722962293 0.030107526881720432 0.01827956989247312
5 0.16085271295577114 0.9938415499907179 0.02043010752688172 0.00967741935483871
5 0.015828146590190682 0.8308656091162483 0.021505376344086023 0.02043010752688172
5 0.039970892034978056 0.8514085424508291 0.026881720430107527 0.026881720430107527
5 0.0349589894954762 0.8354116652686807 0.01827956989247312 0.016129032258064516
5 0.018303123294828867 0.8545373706482529 0.026881720430107527 0.023655913978494623
5 0.02933296812535046 0.8718285639591543 0.024731182795698924 0.02258064516129032
5 0.02144307938455293 0.8635122094275481 0.02795698924731183 0.025806451612903226
5 0.04727949699473381 0.8747712458436631 0.026881720430107527 0.02258064516129032
5 0.04168302168612876 0.8667528373407849 0.025806451612903226 0.02043010752688172
5 0.050030241109306026 0.875891811569267 0.03118279569892473 0.026881720430107527
5 0.06585536598746221 0.8864790375258357 0.03118279569892473 0.01935483870967742
5 0.11377789149091783 0.9547082347929801 0.05268817204301075 0.05913978494623656
5 0.021028538517768227 0.6820393543106031 0.034408602150537634 0.030107526881720432
5 0.025931901653898505 0.6869772261044923 0.04408602150537634 0.04086021505376344
5 0.11548171267005435 0.698211763286713 0.04516129032258064 0.035483870967741936
5 0.09564758573207545 0.7168661282446754 0.03978494623655914 0.030107526881720432
5 0.08015933387156261 0.7317703760073458 0.053763440860215055 0.043010752688172046
5 0.19296841413624402 0.7654197579484481 0.054838709677419356 0.041935483870967745
12 0.1661725034710882 0.05208549194636205 0.05268817204301075 0.08924731182795699
