31 0.9202293896451093 0.6743258744025785 0.15268817204301074 0.09032258064516129
29 0.7032805762128903 0.6535697823537177 0.13548387096774195 0.0913978494623656
29 0.7204995623898889 0.6167762542125126 0.13440860215053763 0.08924731182795699
29 0.7392988513586863 0.5865383732183161 0.13978494623655913 0.0935483870967742
29 0.5994662081377409 0.5559193056263285 0.11720430107526882 0.07956989247311828
29 0.617280517926731 0.5232871577235674 0.11720430107526882 0.08064516129032258
12 0.4918049556756371 0.4584201718276531 0.04516129032258064 0.03225806451612903
12 0.4927020519663072 0.4722427097621553 0.04838709677419355 0.035483870967741936
12 0.4364546093018489 0.4529590798495251 0.06559139784946237 0.043010752688172046
12 0.4388787772149265 0.4342799816294954 0.06344086021505377 0.04086021505376344
12 0.31770078489947007 0.37536114778953117 0.03978494623655914 0.025806451612903226
12 0.35237672884866367 0.42948629900406604 0.05591397849462366 0.03763440860215054
12 0.36089971166174856 0.41730455184494175 0.06236559139784946 0.03870967741935484
12 0.3704374145245962 0.4000017153145311 0.06559139784946237 0.04086021505376344
