3 0.4540282460643187 0.8997487021504373 0.060215053763440864 0.04946236559139785
25 0.47877768842844837 0.953067842838696 0.05806451612903226 0.03870967741935484
25 0.3371610936148849 0.947196186554945 0.05806451612903226 0.04516129032258064
25 0.3230957415347139 0.891625540819072 0.05591397849462366 0.043010752688172046
25 0.17620039826505707 0.8190025933529137 0.047311827956989246 0.017204301075268817
25 0.07435715866159873 0.6630660750279818 0.047311827956989246 0.05806451612903226
25 0.025477436594661357 0.7003676589693384 0.04516129032258064 0.05591397849462366
25 0.6381722409234015 0.5607914839035173 0.05161290322580645 0.05161290322580645
25 0.4621849811353343 0.6289565616193129 0.047311827956989246 0.04946236559139785
25 0.27904124498690736 0.6142710098831609 0.034408602150537634 0.047311827956989246
25 0.23760064468959502 0.564701179932679 0.04086021505376344 0.047311827956989246
25 0.24947552117006408 0.5457423857941616 0.04086021505376344 0.04516129032258064
25 0.21673509861956902 0.6011645168931868 0.03870967741935484 0.04516129032258064
25 0.2610793980212212 0.6257397216748186 0.03870967741935484 0.04946236559139785
25 0.21786595008986007 0.6129148361702758 0.04516129032258064 0.05806451612903226
25 0.16983580566441991 0.6249919271152554 0.053763440860215055 0.053763440860215055
25 0.22731669548883154 0.567864286087143 0.05161290322580645 0.04946236559139785
25 0.22956605751141806 0.49649383039414074 0.04946236559139785 0.05161290322580645
25 0.05886131415031494 0.4160647762108688 0.043010752688172046 0.043010752688172046
3 0.10252947129319749 0.4231038753307242 0.02795698924731183 0.03870967741935484
3 0.12068054732047614 0.3496431826688571 0.030107526881720432 0.034408602150537634
25 0.04027239592782804 0.33580442578502995 0.04086021505376344 0.04516129032258064
25 0.027339948268194338 0.1855125106789022 0.025806451612903226 0.05161290322580645
25 0.02712456783441481 0.27351579245479496 0.025806451612903226 0.05161290322580645
25 0.06919512567372192 0.2002893849958981 0.02795698924731183 0.06236559139784946
25 0.09402170085600389 0.25595801299041687 0.030107526881720432 0.04946236559139785
25 0.1451373707776023 0.2283925875906018 0.02795698924731183 0.04946236559139785
