25 0.6735710012999595 0.9140355363461358 0.03870967741935484 0.035483870967741936
25 0.6765897859005712 0.9095480006717076 0.03978494623655914 0.03118279569892473
3 0.6913703209822029 0.8853393841086489 0.03118279569892473 0.023655913978494623
3 0.7019594642627238 0.9096728580680541 0.03763440860215054 0.02903225806451613
3 0.6433111091848478 0.9571725305729465 0.03870967741935484 0.024731182795698924
3 0.6959560266336964 0.8729276441489685 0.03870967741935484 0.02258064516129032
3 0.6305536753941666 0.8410536393347009 0.023655913978494623 0.03655913978494624
25 0.6644431571109228 0.8553770009583244 0.02903225806451613 0.041935483870967745
25 0.668579039461671 0.7070034741482977 0.03870967741935484 0.05053763440860215
25 0.6930245969520216 0.7162766083970841 0.03655913978494624 0.05161290322580645
