39 0.0732727210001274 0.9083803469031044 0.025806451612903226 0.021505376344086023
39 0.09338398231629852 0.8677751491878141 0.024731182795698924 0.02043010752688172
39 0.027251879580468905 0.7316300164790672 0.026881720430107527 0.01827956989247312
3 0.16008786305679915 0.7190511928117351 0.04086021505376344 0.026881720430107527
25 0.8602949531121004 0.9757079365596679 0.041935483870967745 0.03118279569892473
3 0.2169664283571331 0.8494407974929925 0.035483870967741936 0.030107526881720432
3 0.699098457174941 0.6054669415944293 0.035483870967741936 0.034408602150537634
3 0.5812014491728538 0.6693901565304192 0.03763440860215054 0.03118279569892473
3 0.3873800335820047 0.418518460030704 0.03870967741935484 0.03333333333333333
3 0.2122548133477123 0.25798404086657767 0.030107526881720432 0.021505376344086023
3 0.37010935417941326 0.10218302809777019 0.034408602150537634 0.02258064516129032
3 0.6180551362531383 0.781578901816436 0.043010752688172046 0.02903225806451613
3 0.20021844804104544 0.42225171872351136 0.03870967741935484 0.02795698924731183
3 0.04940313746416422 0.7066236119729511 0.03870967741935484 0.024731182795698924
49 0.08864746393208522 0.42756491565644483 0.024731182795698924 0.021505376344086023
39 0.09851578012399165 0.45956382931496476 0.035483870967741936 0.026881720430107527
25 0.12508599930281064 0.5843429022062457 0.041935483870967745 0.03333333333333333
3 0.9445499982487581 0.6527255039311652 0.03763440860215054 0.035483870967741936
25 0.2656753759946941 0.4721972674848225 0.06344086021505377 0.047311827956989246
25 0.19759832609906386 0.5789918411400123 0.054838709677419356 0.047311827956989246
25 0.37365636014093695 0.5814293756468729 0.06774193548387097 0.05268817204301075
39 0.0864852363561903 0.7886108638658926 0.043010752688172046 0.034408602150537634
39 0.022591979566850745 0.8083348843880963 0.041935483870967745 0.03655913978494624
39 0.34310540975442566 0.5988858614105707 0.034408602150537634 0.03118279569892473
39 0.22505684715267185 0.6590991078447739 0.02903225806451613 0.025806451612903226
39 0.11665208503464 0.7938151545056876 0.05591397849462366 0.04946236559139785
39 0.4654141500364585 0.39933692014703165 0.043010752688172046 0.03870967741935484
39 0.6872686234867952 0.6996569522833308 0.053763440860215055 0.047311827956989246
39 0.5526041676440537 0.8130623565022013 0.05161290322580645 0.046236559139784944
39 0.5272453324556265 0.8021792065203033 0.05161290322580645 0.047311827956989246
39 0.4418271486887636 0.7736216096365238 0.04838709677419355 0.041935483870967745
25 0.41150849220456587 0.9492278188602408 0.04408602150537634 0.04086021505376344
25 0.8202601164507879 0.8271809284661603 0.07849462365591398 0.08064516129032258
25 0.8179740373701276 0.7434186815280922 0.06451612903225806 0.06451612903225806
25 0.47002230910232745 0.26084954781743763 0.06236559139784946 0.05161290322580645
3 0.11090079212100269 0.34334266065722874 0.026881720430107527 0.011827956989247311
3 0.06784587194552512 0.13837064430858625 0.026881720430107527 0.011827956989247311
39 0.14971171808085607 0.3541409748046885 0.05591397849462366 0.03118279569892473
5 0.18851552290738108 0.22798836477248774 0.030107526881720432 0.01827956989247312
3 0.3272390012446639 0.2104118107929332 0.06666666666666667 0.04516129032258064
25 0.7837085394710253 0.14604274556381047 0.06881720430107527 0.04838709677419355
49 0.643944906512458 0.23401879743762663 0.05698924731182796 0.04408602150537634
