4 0.10832220213540146 0.7332047463490611 0.08064516129032258 0.15698924731182795
5 0.5728262218094365 0.9495623369175306 0.08387096774193549 0.08602150537634409
5 0.21541403563306893 0.8080605370732321 0.08817204301075268 0.18064516129032257
4 0.1371561142182968 0.6325553040720209 0.03870967741935484 0.08172043010752689
4 0.09411506785769999 0.6377211836166424 0.04086021505376344 0.08387096774193549
4 0.1369089097051487 0.5156445291839035 0.09032258064516129 0.17849462365591398
29 0.2570553867655956 0.23664001023978862 0.05591397849462366 0.07311827956989247
49 0.23087207243362298 0.10913689324955737 0.1032258064516129 0.05806451612903226
14 0.2893167783800893 0.1834774570177828 0.16129032258064516 0.08387096774193549
5 0.794860200214536 0.7005284419599007 0.3301075268817204 0.34623655913978496
