29 0.379505112259528 0.9562999294556475 0.06666666666666667 0.021505376344086023
29 0.26746743695412845 0.9292953735540271 0.06989247311827956 0.04408602150537634
29 0.0492532322662929 0.9461382002861528 0.04838709677419355 0.04408602150537634
5 0.12455168259945838 0.9322033670127475 0.09032258064516129 0.07311827956989247
5 0.14553270457626016 0.7986360454055648 0.13225806451612904 0.10215053763440861
4 0.20221261968826623 0.6246987507778878 0.16559139784946236 0.12795698924731183
3 0.4355521882435191 0.6138546118790922 0.02258064516129032 0.02258064516129032
49 0.30763605406006556 0.42114136391091095 0.023655913978494623 0.023655913978494623
3 0.6279623206382602 0.6232014100875247 0.030107526881720432 0.034408602150537634
3 0.6316112860829406 0.7070362705614555 0.03118279569892473 0.03655913978494624
5 0.46077714626752175 0.7699568499809473 0.06129032258064516 0.035483870967741936
4 0.6674012299207069 0.3932077712781993 0.1913978494623656 0.16451612903225807
4 0.6825353037926838 0.6382533396939994 0.12903225806451613 0.11720430107526882
4 0.6262146021578536 0.498764649820701 0.15591397849462366 0.14408602150537633
4 0.6574488191915133 0.6943453312636945 0.16344086021505377 0.15053763440860216
