25 0.508371201890245 0.6846316153767829 0.04086021505376344 0.07526881720430108
25 0.521235618496352 0.675258073061533 0.041935483870967745 0.07311827956989247
25 0.5404083731130767 0.6952887955574131 0.04838709677419355 0.07741935483870968
25 0.5536530318028521 0.6659667295589132 0.04946236559139785 0.07526881720430108
25 0.5748085116086498 0.6987416147823995 0.05053763440860215 0.07741935483870968
25 0.566907078304774 0.6673787135023441 0.05268817204301075 0.07849462365591398
25 0.4733176315022617 0.5851359260477553 0.041935483870967745 0.07311827956989247
25 0.5267611198718316 0.4937945733951104 0.043010752688172046 0.07526881720430108
25 0.5161575484989178 0.5685422530425198 0.041935483870967745 0.07311827956989247
25 0.5542503902636512 0.5524506189072093 0.04408602150537634 0.07526881720430108
25 0.5492989205139381 0.5743845128090873 0.04408602150537634 0.07634408602150537
4 0.9831352849879104 0.49866255217208116 0.02795698924731183 0.04946236559139785
4 0.9172388647280798 0.5023309257268571 0.034408602150537634 0.05161290322580645
3 0.43895494816703035 0.8378487379012344 0.01935483870967742 0.03870967741935484
4 0.6641142931287171 0.8432950917710089 0.14193548387096774 0.24731182795698925
4 0.5654261935538275 0.848750387279996 0.11182795698924732 0.256989247311828
4 0.5454100176267194 0.8508324118845004 0.1032258064516129 0.2623655913978495
4 0.6824849887356498 0.7948539168243155 0.10752688172043011 0.15483870967741936
14 0.6387837109022326 0.9151963544468968 0.09032258064516129 0.14623655913978495
