49 0.2955777475607667 0.46860322557904743 0.09462365591397849 0.06236559139784946
4 0.5222036318472028 0.40994060640972824 0.38924731182795697 0.221505376344086
14 0.8114123330450774 0.9192558573518179 0.07956989247311828 0.12150537634408602
5 0.9186148240636742 0.552846467655046 0.12258064516129032 0.07526881720430108
5 0.8890776886790712 0.5995058253829834 0.18924731182795698 0.0978494623655914
5 0.8380973512671022 0.560528796581652 0.14516129032258066 0.08279569892473118
4 0.900295407850052 0.32248553540584934 0.13010752688172042 0.06666666666666667
4 0.8271776401776215 0.23441487596078137 0.14516129032258066 0.06559139784946237
29 0.7507671532627506 0.2648924604222007 0.06451612903225806 0.09462365591397849
29 0.7130364065450971 0.22421534429945705 0.060215053763440864 0.08387096774193549
5 0.45145762816887613 0.1563366759334134 0.010752688172043012 0.01827956989247312
3 0.3998127836915043 0.1165514384585827 0.013978494623655914 0.01827956989247312
3 0.4298547630155207 0.1508674347449776 0.013978494623655914 0.026881720430107527
3 0.447219018490606 0.10635955358370822 0.02043010752688172 0.03655913978494624
3 0.35122576263799316 0.14303534252781056 0.043010752688172046 0.01827956989247312
5 0.591367129456168 0.17514670231204954 0.14623655913978495 0.06451612903225806
5 0.47799854233069144 0.08769263145299311 0.15806451612903225 0.07096774193548387
34 0.5112351757349666 0.17331588585199237 0.16129032258064516 0.07419354838709677
34 0.7180407731340067 0.2185464962529603 0.18494623655913978 0.07956989247311828
5 0.3931458552996487 0.11576251317889824 0.043010752688172046 0.08817204301075268
5 0.36936814697421455 0.04780371195754769 0.04946236559139785 0.09032258064516129
5 0.3632732309671197 0.05778433206453661 0.05268817204301075 0.09462365591397849
