49 0.5587760768723631 0.3420114686960195 0.03333333333333333 0.017204301075268817
3 0.5078646287890395 0.45281374356551574 0.021505376344086023 0.02795698924731183
3 0.5662449683578342 0.2985081757503789 0.03763440860215054 0.010752688172043012
3 0.5713542451070867 0.30003713334697457 0.035483870967741936 0.00967741935483871
3 0.5348697639207199 0.30054202024852206 0.034408602150537634 0.00967741935483871
3 0.6093697172742698 0.311067366950694 0.04838709677419355 0.023655913978494623
4 0.894018269580731 0.8869267537753333 0.14946236559139786 0.04838709677419355
4 0.834874888588088 0.7570430040970739 0.14086021505376345 0.05268817204301075
5 0.8479870052200713 0.852256536823775 0.16129032258064516 0.05591397849462366
4 0.6667316303833037 0.868744541661983 0.13763440860215054 0.05161290322580645
5 0.4350523946910469 0.7064543896196518 0.030107526881720432 0.05161290322580645
5 0.49586606168440617 0.7718840708451068 0.03225806451612903 0.053763440860215055
5 0.5204909689924472 0.7380882419041682 0.030107526881720432 0.05161290322580645
25 0.5562632654543197 0.8409233744846099 0.13763440860215054 0.053763440860215055
3 0.15785134218010638 0.17298128164858412 0.017204301075268817 0.03225806451612903
5 0.18011586633365118 0.43190822479566315 0.06666666666666667 0.10967741935483871
5 0.24322600753734727 0.30086326560756177 0.07096774193548387 0.12473118279569892
4 0.7912269776209457 0.46647572291016115 0.06666666666666667 0.13333333333333333
4 0.5530439048973046 0.6035612565620445 0.07741935483870968 0.14838709677419354
