49 0.3434589629826797 0.3630590312249334 0.03118279569892473 0.016129032258064516
3 0.5313112903732594 0.27266514632010663 0.02043010752688172 0.026881720430107527
3 0.33783728963991844 0.2746865478116169 0.035483870967741936 0.00967741935483871
3 0.34598511804595716 0.3390501857224503 0.034408602150537634 0.008602150537634409
3 0.09729723505021565 0.427773465178882 0.03333333333333333 0.008602150537634409
3 0.6818585736753421 0.07918338039304387 0.046236559139784944 0.021505376344086023
4 0.8816219596912647 0.9212775703505518 0.13333333333333333 0.060215053763440864
4 0.7092694635584167 0.9449613944016484 0.13118279569892474 0.05806451612903226
4 0.6827885029967276 0.9195682701574849 0.16344086021505377 0.060215053763440864
4 0.8120344598556618 0.9171101690735548 0.16129032258064516 0.05806451612903226
5 0.40633991345908405 0.6879545704392972 0.16344086021505377 0.05591397849462366
4 0.6692478684951114 0.7940271988055821 0.13978494623655913 0.05161290322580645
5 0.23044498367772762 0.7392609231627691 0.03225806451612903 0.053763440860215055
5 0.28937315257057744 0.7742481448577486 0.034408602150537634 0.05591397849462366
5 0.2061721636276701 0.7988968876137884 0.03225806451612903 0.053763440860215055
25 0.2531456556787758 0.7335275527836088 0.13978494623655913 0.05591397849462366
5 0.1449982432716024 0.05817771715738218 0.06881720430107527 0.10967741935483871
5 0.05620142331506262 0.4768548812440097 0.07311827956989247 0.12473118279569892
4 0.3803791111468169 0.29314544717939606 0.06666666666666667 0.13548387096774195
4 0.5241041956280902 0.6112964585657998 0.07741935483870968 0.15053763440860216
