49 0.8313772753535827 0.4632533266395587 0.021505376344086023 0.023655913978494623
49 0.6581722870179526 0.543966975801965 0.05913978494623656 0.03978494623655914
3 0.6644556367362936 0.43433331972063405 0.02258064516129032 0.013978494623655914
3 0.6754110570358078 0.44637175672875673 0.043010752688172046 0.02795698924731183
49 0.6956737269220239 0.4789100916467906 0.05698924731182796 0.02258064516129032
49 0.7229282441849463 0.43266797135581414 0.04516129032258064 0.02258064516129032
49 0.7332128457307133 0.43719644383081724 0.06129032258064516 0.03763440860215054
49 0.6945055685052701 0.3649760734303303 0.06129032258064516 0.03118279569892473
49 0.716961614898408 0.34071060884128285 0.06559139784946237 0.03333333333333333
49 0.7279031364895103 0.32447082736871996 0.06559139784946237 0.03333333333333333
3 0.7134639506845393 0.46188566344408366 0.024731182795698924 0.02043010752688172
3 0.857579443355847 0.4913715619823357 0.023655913978494623 0.013978494623655914
3 0.930039998862307 0.4283444582690456 0.025806451612903226 0.026881720430107527
3 0.7832843491326333 0.3638097170851959 0.023655913978494623 0.02258064516129032
3 0.8215608883493352 0.42538078013441133 0.026881720430107527 0.01827956989247312
3 0.7788172706667282 0.38983605036496083 0.017204301075268817 0.02258064516129032
3 0.6567992069817898 0.44696557476495713 0.024731182795698924 0.02258064516129032
3 0.6435404008392721 0.4183538935334555 0.024731182795698924 0.01827956989247312
3 0.6547911866216616 0.35668649411285935 0.02043010752688172 0.02258064516129032
3 0.6909458788284427 0.34727726060063235 0.024731182795698924 0.02258064516129032
3 0.6705760974214776 0.2890931400682707 0.026881720430107527 0.02258064516129032
3 0.6867280010543101 0.27528140153390945 0.02258064516129032 0.02258064516129032
49 0.7317427126896814 0.29067662195492944 0.08817204301075268 0.03978494623655914
3 0.7836562906588949 0.25540603041512705 0.026881720430107527 0.01827956989247312
49 0.7274510890039443 0.2773712481777587 0.06344086021505377 0.02903225806451613
49 0.7312999254069988 0.23200455517555713 0.05161290322580645 0.024731182795698924
49 0.749119489040351 0.24515228592043115 0.08817204301075268 0.05268817204301075
49 0.7653564115687431 0.221597935916897 0.09462365591397849 0.054838709677419356
49 0.7588846923267525 0.17721734494820945 0.0967741935483871 0.054838709677419356
49 0.7694795797811106 0.17157242881033907 0.05913978494623656 0.03870967741935484
49 0.7775726629003463 0.03056427519104445 0.02043010752688172 0.008602150537634409
49 0.8134638455577742 0.0568761967932798 0.06129032258064516 0.03978494623655914
49 0.847678677669907 0.031241518274148374 0.05053763440860215 0.017204301075268817
4 0.9003100890724484 0.7788971244530731 0.17849462365591398 0.14623655913978495
