14 0.2082840400950146 0.6712955213646125 0.04946236559139785 0.021505376344086023
49 0.4149717952563172 0.6712613517456711 0.025806451612903226 0.02795698924731183
49 0.4513185064206177 0.6431977239238678 0.03870967741935484 0.043010752688172046
49 0.569547257179517 0.5272209436403604 0.025806451612903226 0.025806451612903226
49 0.5618432305899258 0.5221040818545039 0.00967741935483871 0.035483870967741936
49 0.4601746084485124 0.4822276283390088 0.010752688172043012 0.035483870967741936
5 0.5775910582899865 0.4504595179147585 0.06236559139784946 0.12473118279569892
5 0.6706554580549209 0.5307660701831171 0.07096774193548387 0.14193548387096774
49 0.6315653132349204 0.5010654111746697 0.05806451612903226 0.13333333333333333
49 0.628182478009335 0.4939177573618791 0.08172043010752689 0.1827956989247312
12 0.6193864393775875 0.12181120665802694 0.010752688172043012 0.025806451612903226
34 0.5007766344829848 0.1681184068203651 0.04946236559139785 0.13978494623655913
34 0.680070619029772 0.22084424982014347 0.04946236559139785 0.14193548387096774
30 0.2402427205197833 0.3296805111428796 0.12903225806451613 0.043010752688172046
29 0.2927014799292862 0.07519285569995962 0.02795698924731183 0.053763440860215055
14 0.15993145769788109 0.16576604880847234 0.043010752688172046 0.14838709677419354
49 0.19867682318398064 0.10289851384710748 0.03870967741935484 0.021505376344086023
