5 0.5433237427778151 0.4674308819395058 0.046236559139784944 0.12150537634408602
5 0.48552074780047566 0.654843257841758 0.08817204301075268 0.14193548387096774
14 0.22024579138294792 0.6285896662891166 0.06236559139784946 0.11397849462365592
5 0.27074972681067977 0.5038449065321219 0.07311827956989247 0.10967741935483871
29 0.34026308773026037 0.4707595457023483 0.025806451612903226 0.04086021505376344
14 0.30112968444989197 0.5330621608423387 0.06881720430107527 0.1053763440860215
29 0.4316985701462539 0.3371091499510249 0.021505376344086023 0.047311827956989246
14 0.28211704021383793 0.30458775574107166 0.05806451612903226 0.1010752688172043
14 0.3604651910035313 0.2736408732425761 0.06451612903225806 0.14623655913978495
14 0.4618871868886113 0.21405780615782885 0.06881720430107527 0.13333333333333333
