29 0.8170785070530441 0.08560282294166383 0.035483870967741936 0.023655913978494623
29 0.8054564512435621 0.07152350417384601 0.04516129032258064 0.02795698924731183
3 0.7581946494090323 0.13540356918011368 0.02795698924731183 0.02043010752688172
29 0.7487742868748093 0.12745070620726198 0.04838709677419355 0.03333333333333333
29 0.7343185938467921 0.1021881521497104 0.09247311827956989 0.05806451612903226
49 0.786375284101999 0.00727620667630892 0.021505376344086023 0.007526881720430108
49 0.7667725123618216 0.008941324221883384 0.02903225806451613 0.017204301075268817
49 0.740416218728912 0.012067693119417827 0.02903225806451613 0.023655913978494623
49 0.7159974950436109 0.016884345938511135 0.03763440860215054 0.030107526881720432
29 0.6968694446875614 0.018376283667357704 0.04408602150537634 0.034408602150537634
49 0.6718626785544114 0.024501204711566436 0.046236559139784944 0.046236559139784944
49 0.6480641294209155 0.03062616832122345 0.054838709677419356 0.053763440860215055
49 0.6306827163283365 0.03359837820673949 0.053763440860215055 0.06236559139784946
29 0.5782846836101914 0.06546564447826787 0.0913978494623656 0.05698924731182796
29 0.6424162667961324 0.15599509117331378 0.053763440860215055 0.03870967741935484
29 0.6200231334793944 0.13199614239769727 0.08387096774193549 0.05591397849462366
29 0.543461504455164 0.12434130762517126 0.046236559139784944 0.06344086021505377
14 0.5168736244080898 0.11624906762149363 0.05268817204301075 0.07634408602150537
31 0.3154609029516937 0.5197286198791157 0.34623655913978496 0.578494623655914
49 0.057776354837667215 0.04105829868195542 0.09462365591397849 0.07741935483870968
49 0.13551173714335352 0.0653682120633148 0.11612903225806452 0.13010752688172042
49 0.10583369145640312 0.16883169609725351 0.20967741935483872 0.06451612903225806
