25 0.5980583221596341 0.11258035071873079 0.08064516129032258 0.025806451612903226
3 0.318845121843928 0.1791081795793297 0.02795698924731183 0.008602150537634409
3 0.38208183267502865 0.10484890991679545 0.025806451612903226 0.008602150537634409
3 0.5381537677000252 0.08018616037975711 0.043010752688172046 0.060215053763440864
3 0.5384008918214253 0.08309245616534784 0.04408602150537634 0.06451612903225806
3 0.5447121833138292 0.12506539934199656 0.05268817204301075 0.08387096774193549
3 0.372144773198667 0.1341796205135561 0.04408602150537634 0.06666666666666667
3 0.3791772649926407 0.06826856512315328 0.04408602150537634 0.06559139784946237
3 0.3429391137770043 0.11437227424770742 0.02903225806451613 0.047311827956989246
3 0.4475867248372375 0.08768723920146976 0.047311827956989246 0.01827956989247312
3 0.21860240822046004 0.12127778078082752 0.04408602150537634 0.015053763440860216
3 0.039581771622608064 0.11476983605542429 0.034408602150537634 0.011827956989247311
3 0.33684526848324303 0.08202423792349829 0.046236559139784944 0.017204301075268817
3 0.10736901230926657 0.1172883168204278 0.03225806451612903 0.03870967741935484
3 0.16580847020091904 0.04573968406062917 0.02043010752688172 0.03225806451612903
