14 0.02896634726583762 0.8751851477581489 0.05698924731182796 0.025806451612903226
12 0.1378923332223345 0.8962912535127165 0.06881720430107527 0.07526881720430108
49 0.0987093823038739 0.8822549524964297 0.11182795698924732 0.02258064516129032
12 0.07025228032579758 0.7942377830699412 0.11505376344086021 0.043010752688172046
12 0.16021445319820923 0.8095484178581795 0.10215053763440861 0.05698924731182796
14 0.17680258496043813 0.8064265908732061 0.1010752688172043 0.06989247311827956
3 0.04079343439307599 0.7150058120515698 0.043010752688172046 0.013978494623655914
34 0.12293856092269288 0.7700419246273564 0.24193548387096775 0.06989247311827956
34 0.12899463304453546 0.6705722623358155 0.24408602150537634 0.035483870967741936
34 0.10357295484196977 0.6408342886563627 0.2053763440860215 0.03333333333333333
14 0.20505404456047863 0.5204415679343765 0.07204301075268817 0.03333333333333333
5 0.1790760965838352 0.4786685867269781 0.2075268817204301 0.10215053763440861
5 0.19502247523821245 0.3802874574328347 0.11182795698924732 0.03763440860215054
5 0.18903527470440556 0.373564155991877 0.15053763440860216 0.04086021505376344
5 0.17231710367149475 0.08835511865449276 0.0967741935483871 0.016129032258064516
3 0.7590187378061227 0.03768015160917379 0.041935483870967745 0.026881720430107527
5 0.6588689288081226 0.07489576446739964 0.04408602150537634 0.02043010752688172
3 0.6785485505012347 0.051067356076998124 0.046236559139784944 0.023655913978494623
5 0.7999652585562675 0.27983052533965036 0.02903225806451613 0.08172043010752689
