34 0.9876274263846285 0.736011474545492 0.024731182795698924 0.03333333333333333
34 0.9876336898946304 0.6693563559951617 0.024731182795698924 0.024731182795698924
34 0.9903215302979284 0.6354915411555144 0.01935483870967742 0.023655913978494623
14 0.9510515562440066 0.875254588272473 0.0978494623655914 0.01935483870967742
29 0.92580848774921 0.749463361364721 0.11397849462365592 0.0989247311827957
49 0.8828036802675437 0.2505238188900853 0.04086021505376344 0.07311827956989247
30 0.8935591671022091 0.18065090719989152 0.08817204301075268 0.16989247311827957
30 0.8515988782562416 0.18275094767425168 0.06236559139784946 0.13548387096774195
30 0.8075357720336429 0.1935492406779306 0.08387096774193549 0.1827956989247312
30 0.7623793018554138 0.2354963332682195 0.09032258064516129 0.18064516129032257
29 0.7139765881514397 0.2591397222814135 0.03655913978494624 0.06881720430107527
29 0.6742119319437294 0.2581069778966118 0.02795698924731183 0.06451612903225806
5 0.6322842530658696 0.2365141796708595 0.034408602150537634 0.053763440860215055
5 0.6440964562650231 0.1461825670757039 0.06236559139784946 0.13763440860215054
12 0.6032200348677251 0.12042873312141499 0.030107526881720432 0.07096774193548387
5 0.5150679148196217 0.14736394893780266 0.07311827956989247 0.16774193548387098
5 0.4709548688996069 0.21289224933616777 0.02795698924731183 0.07526881720430108
5 0.4387272969473448 0.22905081396766844 0.04516129032258064 0.06881720430107527
29 0.4107619378030549 0.22045131706418813 0.034408602150537634 0.05161290322580645
14 0.37312863915832806 0.079563287524438 0.1010752688172043 0.02795698924731183
14 0.3999987954217982 0.14410297037137443 0.03870967741935484 0.0989247311827957
49 0.27849506512343586 0.18818287350294555 0.06451612903225806 0.22795698924731184
12 0.19459397955212543 0.10427849190239404 0.03655913978494624 0.09032258064516129
12 0.1688104316545389 0.14516801579667127 0.02795698924731183 0.07311827956989247
12 0.14302137929857325 0.127946245056775 0.043010752688172046 0.1032258064516129
30 0.10539995602038629 0.1354901076676206 0.05806451612903226 0.1053763440860215
14 0.06565051368391574 0.18337100641687099 0.043010752688172046 0.06559139784946237
14 0.02098935087517168 0.16506670254569672 0.03978494623655914 0.0935483870967742
