5 0.759375213837421 0.6620241854536127 0.02043010752688172 0.025806451612903226
3 0.9084651218297084 0.6583111534766317 0.03333333333333333 0.011827956989247311
3 0.7360349218636604 0.6786943370903673 0.026881720430107527 0.00967741935483871
3 0.8164676550253399 0.5332040638235916 0.01935483870967742 0.024731182795698924
3 0.795573717309422 0.4664551673356496 0.016129032258064516 0.02043010752688172
3 0.8127161352039614 0.4866940306396204 0.03225806451612903 0.023655913978494623
3 0.6925110112095576 0.4875039501909499 0.02258064516129032 0.02795698924731183
3 0.7716202181953258 0.3860135398214596 0.01827956989247312 0.024731182795698924
3 0.8098106946986663 0.39379846189306245 0.03870967741935484 0.013978494623655914
3 0.8023298540667902 0.34235479087013443 0.03763440860215054 0.010752688172043012
5 0.6975903536928488 0.040887320545294134 0.01935483870967742 0.024731182795698924
