25 0.7422091453189601 0.21862649103538737 0.10967741935483871 0.07741935483870968
25 0.7137833267445299 0.31902396340878725 0.15161290322580645 0.10215053763440861
25 0.6557097091883048 0.15382215987762465 0.13655913978494624 0.09247311827956989
25 0.7212130417783464 0.3618842309407715 0.13978494623655913 0.0935483870967742
25 0.6181941667503716 0.5124941290981037 0.16021505376344086 0.10752688172043011
25 0.7946933628877242 0.16392628703295625 0.1827956989247312 0.12365591397849462
3 0.2806825195661685 0.026725218018489386 0.010752688172043012 0.00967741935483871
3 0.2644041504315885 0.32686099229279675 0.00967741935483871 0.00967741935483871
3 0.48028422961368955 0.01743504554142177 0.008602150537634409 0.011827956989247311
3 0.4138218505704441 0.021125549692922227 0.010752688172043012 0.00967741935483871
3 0.3943525840472574 0.0423235326608845 0.011827956989247311 0.010752688172043012
3 0.4447874078159495 0.1846336901351424 0.011827956989247311 0.010752688172043012
3 0.529348814169063 0.03505251933584351 0.017204301075268817 0.013978494623655914
3 0.4309669566181721 0.03439109642362466 0.016129032258064516 0.011827956989247311
3 0.47109576173759027 0.05486372380984515 0.012903225806451613 0.010752688172043012
3 0.43241539127486966 0.03906468579105254 0.012903225806451613 0.010752688172043012
3 0.41531717878040025 0.019691948229278205 0.011827956989247311 0.010752688172043012
39 0.3528653830519518 0.04485324800601401 0.017204301075268817 0.013978494623655914
3 0.46839165536012617 0.18388610744619333 0.010752688172043012 0.008602150537634409
3 0.4825464595601999 0.03414870177875734 0.011827956989247311 0.0064516129032258064
3 0.4759499302565622 0.13956208319673175 0.010752688172043012 0.007526881720430108
3 0.39344228371669937 0.12388480096761834 0.010752688172043012 0.007526881720430108
3 0.3280884434153821 0.129494188257461 0.016129032258064516 0.00967741935483871
3 0.5461190249773082 0.1478689265764278 0.02795698924731183 0.023655913978494623
3 0.5369674767709637 0.06722061304941356 0.021505376344086023 0.024731182795698924
49 0.5718867420216484 0.17813122457348834 0.017204301075268817 0.01935483870967742
49 0.4286201998210233 0.05849057025704781 0.01935483870967742 0.017204301075268817
