25 0.917518289984863 0.9812829653533832 0.01827956989247312 0.017204301075268817
25 0.9905649904944785 0.9497886529568111 0.012903225806451613 0.02043010752688172
25 0.8437656652085949 0.9565940658377176 0.08064516129032258 0.023655913978494623
25 0.7562633176923745 0.9832664131206602 0.07741935483870968 0.023655913978494623
3 0.8147680902727688 0.9642885058632772 0.03655913978494624 0.016129032258064516
39 0.8722128758406686 0.9636318962843496 0.054838709677419356 0.035483870967741936
3 0.859158427278593 0.8759695548384411 0.046236559139784944 0.01935483870967742
25 0.9002202135543308 0.932665081363202 0.07634408602150537 0.03333333333333333
25 0.8753796475726129 0.8287417430822404 0.06989247311827956 0.023655913978494623
3 0.7101003964997606 0.8825488504520327 0.1010752688172043 0.01935483870967742
25 0.7913810466668485 0.9483471006424522 0.08602150537634409 0.026881720430107527
25 0.7827853975531343 0.9119939201800662 0.08602150537634409 0.025806451612903226
25 0.780811030202786 0.9276732214754431 0.0935483870967742 0.02795698924731183
25 0.6722313314051167 0.8445171259063364 0.08279569892473118 0.03870967741935484
25 0.6764641161073304 0.8729585345742934 0.08172043010752689 0.03870967741935484
25 0.781707455679698 0.8795679209201356 0.07311827956989247 0.03225806451612903
25 0.8584973867808847 0.8846082744908775 0.06881720430107527 0.03333333333333333
3 0.6533046322967709 0.8085055222890895 0.023655913978494623 0.015053763440860216
3 0.6675691380480279 0.7767017121853418 0.02258064516129032 0.011827956989247311
3 0.5304274329354854 0.7963272675467692 0.03118279569892473 0.043010752688172046
3 0.5436203467846195 0.7182589361445672 0.026881720430107527 0.03870967741935484
3 0.5274122730811636 0.8536308635847938 0.053763440860215055 0.023655913978494623
3 0.5543058580790092 0.8493448141310223 0.04086021505376344 0.01827956989247312
3 0.5778284609032086 0.8382414008192841 0.03763440860215054 0.017204301075268817
3 0.6016244878817967 0.8302676658414667 0.03655913978494624 0.015053763440860216
3 0.6053969795827051 0.8155053646789808 0.047311827956989246 0.021505376344086023
39 0.5614806778423851 0.9047645963223467 0.04408602150537634 0.02043010752688172
39 0.5218956381285926 0.9139382486865752 0.04408602150537634 0.023655913978494623
39 0.5607117122147346 0.8809866718690403 0.03978494623655914 0.021505376344086023
39 0.5622746372576126 0.7513848984196805 0.06774193548387097 0.035483870967741936
25 0.5269996234880603 0.8205002475949617 0.11720430107526882 0.053763440860215055
25 0.46598320693876666 0.7943045715562449 0.11612903225806452 0.05161290322580645
