30 0.9063323360987778 0.3381401036888628 0.12580645161290321 0.17956989247311828
49 0.7974305899050373 0.28719672113352956 0.13333333333333333 0.11827956989247312
30 0.671284280542401 0.07060185951150927 0.14838709677419354 0.11397849462365592
5 0.5515601755127273 0.31946202765908377 0.021505376344086023 0.017204301075268817
5 0.5353973622419996 0.3053539875029575 0.021505376344086023 0.017204301075268817
5 0.601908524246563 0.23963740366840475 0.030107526881720432 0.03225806451612903
5 0.5902909829313349 0.29980075347293733 0.1010752688172043 0.1010752688172043
5 0.5652362757290432 0.28603140776799896 0.1010752688172043 0.1010752688172043
5 0.47022942193730294 0.38219349746495135 0.025806451612903226 0.02795698924731183
12 0.48558621153108383 0.19609137213438269 0.07526881720430108 0.08172043010752689
12 0.45345964069171907 0.17314968595408045 0.08817204301075268 0.09462365591397849
