5 0.8954927709276252 0.042220503275132014 0.015053763440860216 0.02795698924731183
5 0.9240527952822222 0.022692135247873044 0.012903225806451613 0.023655913978494623
5 0.90573627456461 0.03250325713774104 0.017204301075268817 0.030107526881720432
5 0.9342837357932695 0.036113067037034034 0.017204301075268817 0.030107526881720432
14 0.9638962570753458 0.7986594810890117 0.041935483870967745 0.03225806451612903
12 0.9421079298555484 0.4373946752603725 0.10752688172043011 0.49032258064516127
12 0.8739017127649438 0.5071978980699051 0.0989247311827957 0.4129032258064516
12 0.7864547964813975 0.5146717467686195 0.12043010752688173 0.33978494623655914
5 0.7571634964565463 0.43059098069253515 0.025806451612903226 0.07311827956989247
12 0.6346938933272327 0.4161534344796871 0.09032258064516129 0.11612903225806452
34 0.5622033296568094 0.4839683472125908 0.16989247311827957 0.23655913978494625
30 0.4586791468200949 0.17769997014619698 0.15268817204301074 0.3333333333333333
14 0.36173659640594785 0.1559742014359322 0.12473118279569892 0.3053763440860215
5 0.3807517500257222 0.46530390345492323 0.07311827956989247 0.03870967741935484
49 0.07096539996573611 0.42328097657706193 0.035483870967741936 0.07419354838709677
14 0.027942577636662965 0.47884473468262106 0.03655913978494624 0.07741935483870968
