25 0.7551123600699351 0.9882725301221437 0.025806451612903226 0.021505376344086023
25 0.7982468655766796 0.9687832519538633 0.04086021505376344 0.046236559139784944
3 0.796118938928893 0.9752825638908851 0.02903225806451613 0.047311827956989246
3 0.5702594234176979 0.9780386846218458 0.08172043010752689 0.03118279569892473
5 0.47308345123742374 0.9756936599934889 0.0989247311827957 0.04086021505376344
39 0.42055529758443605 0.9670871342489499 0.04086021505376344 0.023655913978494623
39 0.4663344934972283 0.9487894877629898 0.1053763440860215 0.04516129032258064
25 0.6608234398093488 0.969654981402499 0.09462365591397849 0.03225806451612903
25 0.659410354962601 0.9316888355601095 0.08172043010752689 0.034408602150537634
39 0.7390005497615637 0.9376163046864712 0.08817204301075268 0.02795698924731183
49 0.7413196643039934 0.9158699631152377 0.08387096774193549 0.023655913978494623
29 0.7314684908833912 0.8102070464287087 0.07311827956989247 0.023655913978494623
31 0.8171167856591502 0.764840235579232 0.04086021505376344 0.10752688172043011
49 0.814067107888614 0.6614339320102008 0.025806451612903226 0.07096774193548387
49 0.7695782099472394 0.6588783921913933 0.03225806451612903 0.09032258064516129
12 0.7040803312219698 0.6233026666473558 0.13978494623655913 0.33978494623655914
12 0.6130460255032334 0.6239797999593139 0.09247311827956989 0.2709677419354839
12 0.5573177320778306 0.7324481212002603 0.060215053763440864 0.14623655913978495
12 0.42646331490290085 0.6657090147607378 0.11397849462365592 0.27741935483870966
12 0.3923791507928081 0.7525093227352837 0.07526881720430108 0.14193548387096774
30 0.3298321992995247 0.7529906425706676 0.03870967741935484 0.12473118279569892
12 0.28625474602378925 0.7329712570919122 0.05806451612903226 0.12903225806451613
12 0.23571825685849582 0.7344839448357816 0.047311827956989246 0.13548387096774195
12 0.1662563235807076 0.7479297402641898 0.05591397849462366 0.15268817204301074
3 0.2579650382708752 0.8530960611470284 0.04516129032258064 0.08817204301075268
3 0.22537935514618224 0.8676565499695728 0.043010752688172046 0.08172043010752689
3 0.14965125081596792 0.8841625384536068 0.030107526881720432 0.07311827956989247
3 0.10825570358038468 0.8682812243306548 0.02795698924731183 0.06666666666666667
3 0.08283853717898391 0.8900230263732486 0.025806451612903226 0.043010752688172046
12 0.1104017204371568 0.7957788257385964 0.03225806451612903 0.09032258064516129
49 0.071355756929864 0.7767527802381828 0.03655913978494624 0.10967741935483871
12 0.04424256592118898 0.7955244971902218 0.030107526881720432 0.07096774193548387
