12 0.9554472628125137 0.8157241007241735 0.06236559139784946 0.14408602150537633
12 0.9083237489423251 0.757480283966229 0.053763440860215055 0.16989247311827957
12 0.8974668424062805 0.7988562349586518 0.04516129032258064 0.08924731182795699
12 0.8796019956465392 0.7950065729573702 0.03333333333333333 0.05698924731182796
25 0.8082673949045459 0.7535070685462517 0.04086021505376344 0.08494623655913978
49 0.7928642665792962 0.8695285679253233 0.03118279569892473 0.043010752688172046
49 0.6670905267350976 0.8752219440539932 0.06129032258064516 0.08279569892473118
39 0.6974931171018688 0.8845472063331713 0.08279569892473118 0.09247311827956989
3 0.6339950824435236 0.8794697151868989 0.011827956989247311 0.021505376344086023
3 0.7013205601775461 0.8091892150558734 0.03655913978494624 0.05698924731182796
5 0.7043221035921561 0.7109691463738164 0.06344086021505377 0.08602150537634409
49 0.5947489733832919 0.7149173816116454 0.03118279569892473 0.05268817204301075
14 0.681340610579606 0.7841073233772881 0.05806451612903226 0.08172043010752689
5 0.4668060025732864 0.6401260674866917 0.12150537634408602 0.16129032258064516
5 0.3292910523265606 0.5304279302024587 0.07634408602150537 0.1860215053763441
