14 0.691359363823311 0.9055068845637969 0.15483870967741936 0.03870967741935484
5 0.4678055348568828 0.9476714567939053 0.14193548387096774 0.05161290322580645
49 0.65751719738174 0.7744403251138205 0.1935483870967742 0.03333333333333333
14 0.7054525443379001 0.8622716142506759 0.17204301075268819 0.07634408602150537
5 0.4681618898061426 0.8755033974995373 0.13333333333333333 0.07741935483870968
14 0.8462660350435478 0.8952729976817771 0.08817204301075268 0.047311827956989246
14 0.9396405679129178 0.9243808170817672 0.07741935483870968 0.04516129032258064
14 0.9415361756374001 0.9494297365014345 0.10752688172043011 0.06881720430107527
29 0.8475815889699052 0.9402012900493146 0.07311827956989247 0.047311827956989246
5 0.7220768342156993 0.8548336888554174 0.1978494623655914 0.12903225806451613
25 0.6973132238813231 0.7290473057009442 0.05806451612903226 0.03225806451612903
25 0.7042917271861701 0.973671414265448 0.07311827956989247 0.04086021505376344
25 0.543430981271901 0.6435739722347396 0.06236559139784946 0.04086021505376344
5 0.7736720290004264 0.19321097406041032 0.3333333333333333 0.0913978494623656
30 0.787182565782807 0.453532905143284 0.3311827956989247 0.0913978494623656
29 0.7403026946669865 0.2443606716034983 0.06881720430107527 0.01935483870967742
3 0.8370610332071285 0.4189543380953249 0.05591397849462366 0.017204301075268817
29 0.7878296475991993 0.44698017175458904 0.14838709677419354 0.03225806451612903
29 0.7019728799108085 0.5392935593117193 0.12258064516129032 0.03870967741935484
29 0.8301938707901926 0.532839678100951 0.12043010752688173 0.03655913978494624
29 0.6982360633902295 0.6501174850878049 0.14838709677419354 0.03655913978494624
12 0.7726670468345712 0.6145979612192334 0.4032258064516129 0.07956989247311828
49 0.6361837086456319 0.670583057510197 0.04946236559139785 0.017204301075268817
49 0.5046552721762076 0.6314118601265869 0.08387096774193549 0.02795698924731183
5 0.6396134712532973 0.5230777684247897 0.025806451612903226 0.07741935483870968
30 0.4538584615214465 0.6752076088372059 0.1870967741935484 0.04946236559139785
34 0.18119189469693647 0.4876256742791224 0.07741935483870968 0.03655913978494624
30 0.09679821428780927 0.7723924977142607 0.11720430107526882 0.04086021505376344
25 0.16864375940258042 0.5466991695042963 0.04946236559139785 0.012903225806451613
25 0.0730466565823588 0.5666502822082193 0.0956989247311828 0.025806451612903226
25 0.23355479722561615 0.582219423849551 0.23440860215053763 0.07311827956989247
25 0.16680321828612119 0.553060802396255 0.24086021505376345 0.05161290322580645
3 0.26233773940066313 0.5639084875992717 0.047311827956989246 0.015053763440860216
25 0.14916699243181236 0.39400471413283766 0.17419354838709677 0.04516129032258064
29 0.06878244121729314 0.4014425325980243 0.11182795698924732 0.030107526881720432
29 0.1891130209529266 0.2862744045807512 0.11182795698924732 0.034408602150537634
25 0.2906252205978601 0.34714513740279124 0.25806451612903225 0.053763440860215055
29 0.4341757994917377 0.4509293985297571 0.08602150537634409 0.09247311827956989
3 0.41573019911402465 0.23280741375074773 0.07526881720430108 0.023655913978494623
25 0.5939353615435039 0.25537168392356113 0.06666666666666667 0.16989247311827957
49 0.6176643521696314 0.09591622637083197 0.1010752688172043 0.17849462365591398
5 0.4759293553001533 0.09688131341612495 0.1053763440860215 0.16129032258064516
29 0.3476130572166633 0.12992281176968334 0.03655913978494624 0.08817204301075268
5 0.3975125507824738 0.13506724316353244 0.08387096774193549 0.08172043010752689
14 0.08844541947323736 0.08789793151055537 0.12365591397849462 0.15698924731182795
14 0.18331315151856992 0.09561587190372112 0.06881720430107527 0.16236559139784945
14 0.3882656446827948 0.10979061404408436 0.08064516129032258 0.14838709677419354
