3 0.31655885466439654 0.9664653574827826 0.01935483870967742 0.021505376344086023
3 0.26560421488569486 0.990958701371893 0.012903225806451613 0.013978494623655914
3 0.29844758589431913 0.9948154247583838 0.010752688172043012 0.008602150537634409
3 0.2862993197906195 0.9758627761501405 0.01827956989247312 0.013978494623655914
3 0.27304944255211877 0.9836047287306874 0.01827956989247312 0.021505376344086023
3 0.24770693138401081 0.9582531684352574 0.02258064516129032 0.02903225806451613
3 0.23264433495007467 0.9661096425417165 0.02795698924731183 0.04408602150537634
3 0.20210117182683027 0.9407629621274662 0.024731182795698924 0.03870967741935484
3 0.22539074779167848 0.9749966695526757 0.023655913978494623 0.03763440860215054
25 0.1384006575580724 0.9318991652959552 0.034408602150537634 0.04838709677419355
3 0.19598382712083223 0.9514131785194773 0.030107526881720432 0.04086021505376344
3 0.1928506790347391 0.9476796956027375 0.02795698924731183 0.04086021505376344
3 0.08882203461390097 0.9087804225770024 0.02903225806451613 0.03870967741935484
3 0.13499514440108645 0.9335652123938428 0.024731182795698924 0.03333333333333333
3 0.08351343553544903 0.9797167216353657 0.024731182795698924 0.034408602150537634
39 0.07023929046838898 0.9135830507110339 0.03225806451612903 0.041935483870967745
49 0.05583866888233615 0.9371810098118877 0.03655913978494624 0.05053763440860215
3 0.10860374954555377 0.9411847778668812 0.023655913978494623 0.03333333333333333
3 0.015167106918378147 0.9297700761398439 0.030107526881720432 0.03978494623655914
3 0.06668423853861352 0.9275146420591314 0.02043010752688172 0.02903225806451613
3 0.02286316709879177 0.8136411047422217 0.011827956989247311 0.017204301075268817
3 0.054952965083841586 0.8017377665395855 0.00967741935483871 0.017204301075268817
3 0.0549508619769825 0.8158909182548436 0.008602150537634409 0.01827956989247312
3 0.06052240212418553 0.841894737434476 0.00967741935483871 0.01935483870967742
3 0.08028726078064966 0.846683225879919 0.011827956989247311 0.024731182795698924
3 0.0351872597052746 0.8201369882964888 0.008602150537634409 0.01827956989247312
3 0.13618837843290296 0.8133856841412992 0.011827956989247311 0.02043010752688172
3 0.1250079466226803 0.7348914635714612 0.012903225806451613 0.01935483870967742
3 0.14040380639679467 0.8474115290084595 0.013978494623655914 0.02043010752688172
3 0.22901449732226886 0.8624218632160442 0.015053763440860216 0.01935483870967742
3 0.14041338324091945 0.7439382373444916 0.012903225806451613 0.017204301075268817
3 0.18209492825250442 0.8276171512399746 0.013978494623655914 0.021505376344086023
3 0.16815006013421416 0.8184863539874097 0.012903225806451613 0.021505376344086023
3 0.12792317962979272 0.801440215457573 0.013978494623655914 0.02043010752688172
3 0.1972275827537823 0.8140316045490438 0.02258064516129032 0.010752688172043012
3 0.189898287807851 0.8034235588041877 0.016129032258064516 0.01935483870967742
3 0.21942416539689327 0.7703894100472305 0.01827956989247312 0.02258064516129032
3 0.0895678013113501 0.7923939891528152 0.013978494623655914 0.02258064516129032
3 0.15319568854672533 0.7825522973066696 0.015053763440860216 0.025806451612903226
3 0.1298654666400945 0.78421266354921 0.00967741935483871 0.017204301075268817
3 0.10378595078706598 0.8090375110179738 0.010752688172043012 0.01827956989247312
3 0.1170495880494074 0.7377509455777753 0.017204301075268817 0.021505376344086023
3 0.09893290312808377 0.7800248458026139 0.017204301075268817 0.025806451612903226
3 0.059441613103018584 0.7897193792490382 0.017204301075268817 0.021505376344086023
3 0.09916695874901499 0.7950133664852261 0.016129032258064516 0.02043010752688172
3 0.07001337504226408 0.7559535905153324 0.017204301075268817 0.021505376344086023
3 0.03937988478565905 0.7704153664771649 0.011827956989247311 0.01827956989247312
3 0.059955135169046575 0.7425136055277158 0.016129032258064516 0.02043010752688172
3 0.014473048716107096 0.7467328602973714 0.012903225806451613 0.02043010752688172
3 0.8663091766424282 0.9709790892414479 0.041935483870967745 0.013978494623655914
25 0.9370578456117298 0.9545739848526605 0.06236559139784946 0.025806451612903226
39 0.9216947052022152 0.9696728953115641 0.04946236559139785 0.02795698924731183
39 0.8988856146756247 0.9459849286969768 0.05591397849462366 0.02795698924731183
39 0.9695780099337329 0.8714386432698065 0.04086021505376344 0.026881720430107527
39 0.9009758693258142 0.8937349123470241 0.017204301075268817 0.025806451612903226
39 0.9799662150173087 0.840093448012997 0.015053763440860216 0.024731182795698924
39 0.9467493366437724 0.8254207372901085 0.03118279569892473 0.06344086021505377
49 0.9713415645874596 0.8273219493717959 0.026881720430107527 0.03655913978494624
3 0.8482676524605034 0.7464734722825689 0.02043010752688172 0.010752688172043012
3 0.8917220334892265 0.7048552748201949 0.02043010752688172 0.010752688172043012
39 0.9021813854140502 0.7653144152230268 0.02903225806451613 0.03870967741935484
39 0.8783407313582728 0.8180898530160703 0.02903225806451613 0.04086021505376344
39 0.8793705806899411 0.8219776083091086 0.030107526881720432 0.047311827956989246
39 0.9174278077218614 0.7457231728029041 0.03333333333333333 0.04516129032258064
39 0.8210872228691357 0.814739076212269 0.034408602150537634 0.07096774193548387
25 0.7793468725155066 0.7969734037345614 0.03118279569892473 0.06989247311827956
25 0.6726841771332206 0.7763374468087264 0.01827956989247312 0.035483870967741936
25 0.6360468093282478 0.7993589274999248 0.03655913978494624 0.06881720430107527
25 0.6735926978392331 0.8568390804395494 0.024731182795698924 0.05053763440860215
3 0.6390759229187387 0.7711389446723816 0.01935483870967742 0.03655913978494624
25 0.6054418871427633 0.7785055769206616 0.02795698924731183 0.053763440860215055
25 0.5646105079702711 0.7850263122735551 0.030107526881720432 0.053763440860215055
25 0.5858264494101599 0.7673814214221538 0.030107526881720432 0.04838709677419355
3 0.5594604240488834 0.7772876591427713 0.02258064516129032 0.04838709677419355
25 0.5080433445851387 0.7206690268290193 0.03118279569892473 0.053763440860215055
25 0.5474549054820154 0.7433678003374301 0.02903225806451613 0.05053763440860215
3 0.5236697328828582 0.781017304945082 0.024731182795698924 0.043010752688172046
3 0.46093112216044047 0.7919530956231706 0.026881720430107527 0.04086021505376344
3 0.4749176256284477 0.7663032569233169 0.013978494623655914 0.02258064516129032
39 0.36993918565276673 0.6887286577605074 0.021505376344086023 0.034408602150537634
3 0.35231527426621706 0.7284980833164498 0.02258064516129032 0.03870967741935484
39 0.36666152956602577 0.6412957426410693 0.023655913978494623 0.03655913978494624
39 0.3419657634418697 0.7727367015389395 0.024731182795698924 0.03978494623655914
39 0.2751247463518776 0.6888324157017433 0.034408602150537634 0.053763440860215055
3 0.1894014084614064 0.7231441127588482 0.01827956989247312 0.030107526881720432
3 0.24770610379111335 0.6661225214849215 0.01827956989247312 0.03333333333333333
3 0.15389119295857728 0.7572841541271993 0.012903225806451613 0.01935483870967742
3 0.1763000778476847 0.7290818089496369 0.013978494623655914 0.025806451612903226
3 0.10353542794726624 0.7885252356150669 0.01827956989247312 0.02795698924731183
3 0.13870094220570814 0.7515502256829708 0.01935483870967742 0.030107526881720432
3 0.11002876394320388 0.6544118781839727 0.021505376344086023 0.03655913978494624
3 0.12591196313841024 0.6743963969168247 0.01935483870967742 0.030107526881720432
3 0.08692900800142606 0.6642074184047433 0.01827956989247312 0.030107526881720432
3 0.06510197696618343 0.692285674758083 0.016129032258064516 0.02795698924731183
3 0.06316080379615654 0.6705631494083139 0.011827956989247311 0.01827956989247312
3 0.07450625464443072 0.7025587195490486 0.007526881720430108 0.012903225806451613
3 0.03789736624591433 0.6775669825576643 0.02043010752688172 0.015053763440860216
3 0.05136556971822849 0.6919040773177989 0.030107526881720432 0.013978494623655914
3 0.04069347709803498 0.7456742367116995 0.02903225806451613 0.015053763440860216
3 0.041510348832359115 0.7093970609857392 0.02795698924731183 0.013978494623655914
3 0.030698107651816738 0.712226130285806 0.025806451612903226 0.012903225806451613
3 0.061268751372076324 0.7112425513992204 0.030107526881720432 0.017204301075268817
3 0.020856419874371222 0.7316221786204551 0.026881720430107527 0.012903225806451613
3 0.05625403493669283 0.7503249292625557 0.025806451612903226 0.015053763440860216
3 0.025370462624275083 0.7632756661928636 0.025806451612903226 0.012903225806451613
