30 0.9415462122027055 0.8840498361705095 0.09462365591397849 0.17419354838709677
5 0.8215771310118973 0.8183781547780709 0.25483870967741934 0.3010752688172043
29 0.5947945301128325 0.17085061650334873 0.043010752688172046 0.060215053763440864
29 0.5701674351219238 0.1585735153858759 0.060215053763440864 0.09247311827956989
3 0.4365739052107479 0.9279326767374708 0.05161290322580645 0.025806451612903226
12 0.40445136468674964 0.9080693773086946 0.05591397849462366 0.030107526881720432
34 0.2479557707273521 0.885092763018 0.13978494623655913 0.22043010752688172
34 0.17610451468180136 0.8611240869396521 0.13118279569892474 0.22903225806451613
29 0.40725440504032595 0.7458334638215823 0.06236559139784946 0.0989247311827957
29 0.4287414180758117 0.6487660299395419 0.08817204301075268 0.14193548387096774
3 0.5053499266943638 0.3703578162337695 0.04516129032258064 0.060215053763440864
30 0.4388560844757961 0.3569190602055887 0.17634408602150536 0.3204301075268817
12 0.09546942990058038 0.16119938376557205 0.0967741935483871 0.21827956989247313
12 0.1177279805022443 0.13980456770326571 0.17096774193548386 0.23548387096774193
12 0.23800300173616076 0.09619082342975593 0.11935483870967742 0.19032258064516128
12 0.3006628280971469 0.15700111863025484 0.13333333333333333 0.24946236559139784
