25 0.6098197257845535 0.9064869560504263 0.01935483870967742 0.03333333333333333
12 0.05648913990090695 0.9681450731277764 0.046236559139784944 0.05806451612903226
30 0.0899468057117483 0.8681433620185961 0.05806451612903226 0.06666666666666667
34 0.050051048363733225 0.866051457727445 0.07311827956989247 0.17204301075268819
14 0.0403442454146965 0.8759972166687033 0.06666666666666667 0.1870967741935484
29 0.156646516291713 0.6743836348508191 0.025806451612903226 0.07526881720430108
5 0.01944694234075122 0.5669387750003915 0.02795698924731183 0.11182795698924732
14 0.11650650088278446 0.6057101413804734 0.07526881720430108 0.14838709677419354
3 0.1404612462268207 0.528176527809138 0.012903225806451613 0.015053763440860216
25 0.7778336438331038 0.7573525388780274 0.14193548387096774 0.043010752688172046
3 0.14842668884688337 0.45552915444798053 0.01935483870967742 0.030107526881720432
3 0.20400870317882608 0.4327444935608914 0.011827956989247311 0.026881720430107527
12 0.12191788336050868 0.3694640675397678 0.07311827956989247 0.053763440860215055
25 0.07156991755127885 0.3050827935543536 0.01827956989247312 0.06236559139784946
25 0.8435157053612921 0.8981410399702191 0.046236559139784944 0.09247311827956989
25 0.5912890909813664 0.9406596774145812 0.04946236559139785 0.11397849462365592
25 0.6903722637907383 0.7393933425128109 0.1053763440860215 0.034408602150537634
25 0.6581351187757486 0.7787152992441917 0.13978494623655913 0.04086021505376344
25 0.8238866955970188 0.7132717260837278 0.13548387096774195 0.03870967741935484
25 0.7599312783331486 0.6423102233211325 0.11612903225806452 0.03225806451612903
25 0.6913886112019753 0.41992904797187824 0.060215053763440864 0.15698924731182795
3 0.7790232983643965 0.5087226623180677 0.016129032258064516 0.035483870967741936
39 0.3490101300174559 0.5144143150719461 0.023655913978494623 0.047311827956989246
3 0.35054327149046144 0.7445429471598594 0.017204301075268817 0.03978494623655914
25 0.8528582297272175 0.3401318879839895 0.05161290322580645 0.13333333333333333
25 0.6407562765574059 0.30921453445327796 0.03225806451612903 0.05161290322580645
25 0.6549074841162538 0.4731646087248204 0.05806451612903226 0.16774193548387098
25 0.665303598116825 0.377064771115538 0.05806451612903226 0.15698924731182795
25 0.6005928362772787 0.41744615876176416 0.05806451612903226 0.1935483870967742
25 0.6433367521401295 0.38054604234803946 0.07096774193548387 0.221505376344086
25 0.6878289220194808 0.7180944574524445 0.047311827956989246 0.13763440860215054
25 0.4209844692616337 0.8509841067057345 0.03225806451612903 0.05591397849462366
25 0.26470525218700464 0.8222065660444889 0.03225806451612903 0.07741935483870968
25 0.27970643598491746 0.8355684375658555 0.03870967741935484 0.08172043010752689
25 0.39850918555755993 0.7372724108096871 0.03655913978494624 0.1032258064516129
25 0.28002445291114897 0.7186344530801112 0.03655913978494624 0.0989247311827957
25 0.39657499213671976 0.46140033261188323 0.025806451612903226 0.06236559139784946
25 0.23262188233207112 0.2623543004322849 0.030107526881720432 0.07956989247311828
25 0.44459874456347087 0.42202002417429374 0.030107526881720432 0.07526881720430108
25 0.36912149696320434 0.47766301306083175 0.047311827956989246 0.1053763440860215
