3 0.7454083017954919 0.6232002481416062 0.023655913978494623 0.03225806451612903
29 0.7941822973873932 0.7587323807210997 0.017204301075268817 0.03655913978494624
34 0.92078423257322 0.7632353360828852 0.06881720430107527 0.21397849462365592
12 0.8749703823325137 0.7385402806061803 0.07956989247311828 0.2989247311827957
34 0.6586583280232079 0.8468292020775692 0.04086021505376344 0.15806451612903225
12 0.5948882273333664 0.8783232196878892 0.04516129032258064 0.12473118279569892
5 0.41996286751835554 0.7908854867032179 0.043010752688172046 0.12473118279569892
14 0.38301348999009044 0.9094890028128464 0.0989247311827957 0.15913978494623657
30 0.08843953489544075 0.9200860522338051 0.08064516129032258 0.15161290322580645
29 0.12716858988125584 0.7132670048171694 0.03763440860215054 0.07956989247311828
25 0.09111615893361932 0.7850042689183143 0.017204301075268817 0.08602150537634409
14 0.8100895370863854 0.5753414916848857 0.06559139784946237 0.221505376344086
30 0.6991655239615604 0.65141615875118 0.054838709677419356 0.22473118279569892
49 0.705594949891039 0.3951194287936241 0.04408602150537634 0.19032258064516128
5 0.5227436110930438 0.3826970307083048 0.047311827956989246 0.0989247311827957
5 0.41683378380235797 0.5945065406413624 0.08817204301075268 0.1870967741935484
5 0.4654162698156461 0.45715172484040884 0.04838709677419355 0.15161290322580645
25 0.1200550515921139 0.6575414377307849 0.11827956989247312 0.03655913978494624
25 0.1333495683183647 0.6247437759294246 0.11827956989247312 0.03655913978494624
25 0.11680037654110699 0.563922538077994 0.047311827956989246 0.13655913978494624
25 0.1262745395323715 0.49217795639989775 0.07096774193548387 0.15483870967741936
25 0.15128144292280135 0.35417782118967295 0.05591397849462366 0.0989247311827957
25 0.24522592852345582 0.21600022513181397 0.02795698924731183 0.06881720430107527
25 0.3281256513811454 0.38899222041220455 0.03870967741935484 0.11182795698924732
