25 0.9299292156927358 0.9192043708221073 0.04086021505376344 0.07741935483870968
25 0.953739298096928 0.5402506018376222 0.01827956989247312 0.1
25 0.9318466181579645 0.693201923897914 0.03333333333333333 0.08817204301075268
49 0.8235220649406093 0.8434170750776506 0.010752688172043012 0.015053763440860216
49 0.7859274817020611 0.9207887675889388 0.023655913978494623 0.043010752688172046
12 0.7521728805732024 0.8953334687128527 0.10967741935483871 0.11827956989247312
12 0.8057396006283859 0.8352630214864836 0.15268817204301074 0.03225806451612903
12 0.7522179804234878 0.8050459364456279 0.15483870967741936 0.04516129032258064
49 0.9370280489261577 0.9236264632842095 0.01935483870967742 0.043010752688172046
29 0.9057922044339889 0.934467135046101 0.034408602150537634 0.07741935483870968
25 0.9159739672912229 0.7552025569417741 0.02795698924731183 0.07741935483870968
49 0.7539256943734222 0.7437923283563453 0.03978494623655914 0.08924731182795699
25 0.8972992946897201 0.6761211637893271 0.030107526881720432 0.08387096774193549
3 0.9402746159603304 0.5353605900121013 0.02795698924731183 0.030107526881720432
5 0.9225704663746724 0.5478541015623845 0.07956989247311828 0.08817204301075268
25 0.9432693630595628 0.5989066519138178 0.08172043010752689 0.08172043010752689
25 0.948448466108323 0.4019010226117194 0.02795698924731183 0.07311827956989247
25 0.9399081749818526 0.4259745199072473 0.03225806451612903 0.07526881720430108
39 0.8260830886777661 0.6918996476827485 0.03870967741935484 0.03870967741935484
3 0.7547912145186249 0.5465511713846364 0.03655913978494624 0.030107526881720432
3 0.8330672600497627 0.6199700337724299 0.047311827956989246 0.043010752688172046
3 0.8095171962347645 0.5954519674376507 0.047311827956989246 0.043010752688172046
39 0.782773563804964 0.5065109478191161 0.05806451612903226 0.06666666666666667
49 0.7986888621732107 0.48847283048761136 0.023655913978494623 0.03870967741935484
49 0.8050402605198329 0.5241954966048997 0.01935483870967742 0.034408602150537634
49 0.79140487326453 0.4487390163443239 0.1010752688172043 0.02795698924731183
3 0.8063122036990159 0.48106518696838346 0.03870967741935484 0.030107526881720432
25 0.8398254871449183 0.4504818410895337 0.043010752688172046 0.07096774193548387
49 0.3819969739944551 0.9789657329949872 0.012903225806451613 0.03225806451612903
49 0.3473248174960853 0.9578847694127127 0.017204301075268817 0.04086021505376344
3 0.3364383275150688 0.9654004175847489 0.03118279569892473 0.060215053763440864
30 0.2717858085651981 0.9625020057903189 0.04516129032258064 0.06881720430107527
30 0.20756965849276218 0.9529062017608011 0.05161290322580645 0.07419354838709677
30 0.1863827963121772 0.9558781670218737 0.053763440860215055 0.07956989247311828
3 0.3401342360131038 0.8749282231811711 0.03225806451612903 0.04516129032258064
12 0.19092619418081086 0.7836449464581915 0.10752688172043011 0.047311827956989246
