25 0.06013226464643021 0.5274762214773121 0.07096774193548387 0.021505376344086023
30 0.34541457487257093 0.7309238081788697 0.08817204301075268 0.30752688172043013
29 0.38374091620445683 0.7072185682974069 0.023655913978494623 0.04516129032258064
14 0.4164281390951225 0.311409181021263 0.043010752688172046 0.11397849462365592
12 0.9808551279078366 0.7789155896018988 0.024731182795698924 0.1774193548387097
25 0.23129699182437244 0.03397187230852347 0.047311827956989246 0.034408602150537634
25 0.025935724244299536 0.02687122453834992 0.04086021505376344 0.03763440860215054
25 0.24527452976498418 0.446299037668708 0.03225806451612903 0.06236559139784946
12 0.5434289069537407 0.32116059802682745 0.15483870967741936 0.24086021505376345
5 0.3944584499239286 0.3889849378197668 0.010752688172043012 0.024731182795698924
30 0.3318525896541898 0.42924144652582097 0.07741935483870968 0.3053763440860215
5 0.9482266638221103 0.47500347406351945 0.06881720430107527 0.33978494623655914
25 0.90618465124054 0.27917024097093096 0.08817204301075268 0.01935483870967742
25 0.9376496821780765 0.21984804585674336 0.03225806451612903 0.08387096774193549
25 0.8924312201541313 0.22819336756741276 0.02795698924731183 0.07526881720430108
25 0.9266863771471577 0.07303866867424734 0.04516129032258064 0.11182795698924732
25 0.8586562349515151 0.09981548485931735 0.053763440860215055 0.11827956989247312
25 0.7801210446884302 0.19620923063926654 0.034408602150537634 0.09462365591397849
25 0.7258976323796517 0.22697490793857103 0.053763440860215055 0.11182795698924732
25 0.6948872346053427 0.22722677671591132 0.03225806451612903 0.08817204301075268
25 0.6924715336527436 0.14414807677212418 0.060215053763440864 0.05806451612903226
25 0.7049179693528859 0.0606337678590639 0.043010752688172046 0.07741935483870968
25 0.05756785718166023 0.37964448940136786 0.060215053763440864 0.21505376344086022
4 0.10250167217357985 0.3800190088060262 0.06451612903225806 0.18494623655913978
25 0.053344639089863956 0.1925580556470763 0.02795698924731183 0.0978494623655914
25 0.04695109490472252 0.18675126813342166 0.060215053763440864 0.11612903225806452
25 0.1252994039445726 0.19059035277805797 0.04946236559139785 0.11612903225806452
