3 0.9146099692783923 0.38366843537419126 0.012903225806451613 0.01935483870967742
3 0.9799936815517737 0.5981378636755171 0.008602150537634409 0.017204301075268817
3 0.9605215158556522 0.6006696120176003 0.015053763440860216 0.02795698924731183
3 0.952385387016927 0.5919031122564594 0.015053763440860216 0.017204301075268817
3 0.9559498579481847 0.6071037005563107 0.010752688172043012 0.025806451612903226
25 0.9237791839551681 0.600786181137412 0.021505376344086023 0.034408602150537634
25 0.8918099843926575 0.6009704998188173 0.023655913978494623 0.034408602150537634
25 0.9107158228699427 0.5992254097224657 0.023655913978494623 0.034408602150537634
3 0.9302138807540602 0.6266461785448585 0.034408602150537634 0.01935483870967742
3 0.8844305863132977 0.6194425575690347 0.01935483870967742 0.021505376344086023
3 0.8730513177326991 0.6107085516231415 0.025806451612903226 0.030107526881720432
3 0.8432370067566691 0.6134532471633269 0.025806451612903226 0.02795698924731183
3 0.8174595284992324 0.6212323714141601 0.01935483870967742 0.01935483870967742
3 0.8170467271102537 0.6316524126907896 0.030107526881720432 0.03225806451612903
5 0.8423128175389973 0.618840803348907 0.023655913978494623 0.023655913978494623
3 0.858960042267636 0.6359802179742633 0.025806451612903226 0.021505376344086023
3 0.800974794255246 0.6284039242236367 0.015053763440860216 0.017204301075268817
3 0.7957843558695629 0.6451478610483045 0.021505376344086023 0.021505376344086023
3 0.8667661135288474 0.6901787654041269 0.015053763440860216 0.01935483870967742
3 0.854018922048237 0.6817947775577226 0.017204301075268817 0.021505376344086023
3 0.8436938126847575 0.6902443528276396 0.015053763440860216 0.01935483870967742
3 0.8335326804020092 0.6858619811228255 0.012903225806451613 0.017204301075268817
3 0.7935881206918548 0.7035996620713335 0.012903225806451613 0.021505376344086023
3 0.520785459518322 0.7422452923071797 0.025806451612903226 0.023655913978494623
3 0.49704573399952084 0.791483079495367 0.04516129032258064 0.03225806451612903
3 0.5293064084326895 0.7850167529160674 0.02795698924731183 0.034408602150537634
3 0.5447481598578298 0.7769606979064418 0.017204301075268817 0.021505376344086023
3 0.5659433166399507 0.7723408590973675 0.03655913978494624 0.04516129032258064
3 0.5736173306842317 0.7601436806566314 0.01935483870967742 0.025806451612903226
3 0.5787522013777459 0.7574015609989488 0.01935483870967742 0.025806451612903226
25 0.61359144063288 0.7569039845426675 0.02795698924731183 0.04086021505376344
3 0.6052022284027054 0.7556235711615578 0.025806451612903226 0.03655913978494624
3 0.6359420479244652 0.7359568186195407 0.02795698924731183 0.03225806451612903
3 0.6505245125548023 0.7280120785835997 0.03655913978494624 0.043010752688172046
3 0.6561351036970837 0.7271281527363861 0.030107526881720432 0.034408602150537634
3 0.6783833275341742 0.7179124099475553 0.030107526881720432 0.03870967741935484
3 0.689763432414632 0.7099315914336661 0.015053763440860216 0.017204301075268817
3 0.7022029704340519 0.6835978258754905 0.015053763440860216 0.021505376344086023
3 0.5400814914811188 0.7197166032996289 0.023655913978494623 0.021505376344086023
3 0.5510125111127026 0.7031973232983374 0.02795698924731183 0.02795698924731183
3 0.5607804093827351 0.6966984447668728 0.021505376344086023 0.01935483870967742
3 0.5605684843150714 0.7014635192251981 0.02795698924731183 0.02795698924731183
3 0.5852727624001359 0.6860399071375893 0.025806451612903226 0.023655913978494623
3 0.5762599011734573 0.6924409978702976 0.030107526881720432 0.02795698924731183
3 0.601405450151345 0.6695922563595901 0.023655913978494623 0.025806451612903226
3 0.5931427338756656 0.6743132070545752 0.023655913978494623 0.023655913978494623
3 0.6100211662537605 0.66452886810302 0.01935483870967742 0.01935483870967742
3 0.6225058741826098 0.6509440311692615 0.025806451612903226 0.034408602150537634
3 0.6126504268257275 0.6594235934493466 0.017204301075268817 0.021505376344086023
3 0.6393559183102379 0.6498993010249201 0.015053763440860216 0.023655913978494623
3 0.6410614073695327 0.6287641149449267 0.025806451612903226 0.03870967741935484
3 0.6648356319676101 0.642666945417246 0.030107526881720432 0.04086021505376344
39 0.6749249921924281 0.6331159950992415 0.023655913978494623 0.03225806451612903
3 0.6938183764091098 0.622146720601502 0.021505376344086023 0.030107526881720432
29 0.32001182384990673 0.9288907541517928 0.047311827956989246 0.07526881720430108
30 0.13443411382342826 0.82828983633189 0.1010752688172043 0.16559139784946236
30 0.16051230564110594 0.7969430051802693 0.12688172043010754 0.21935483870967742
14 0.2114127890939402 0.7590588994938933 0.12903225806451613 0.21935483870967742
30 0.2783600038098 0.8039738767076935 0.06451612903225806 0.09462365591397849
30 0.23771729355529836 0.7164002148357816 0.08387096774193549 0.13118279569892474
3 0.12462635565418226 0.47987966266507587 0.053763440860215055 0.017204301075268817
3 0.12330028535609908 0.44821476331306037 0.06451612903225806 0.017204301075268817
49 0.11573539133918423 0.4709460202572275 0.07741935483870968 0.025806451612903226
49 0.12224026565187122 0.43526003468385843 0.06236559139784946 0.02795698924731183
39 0.11829249237286263 0.538889699795045 0.047311827956989246 0.021505376344086023
3 0.15582066069384778 0.627470821351367 0.025806451612903226 0.023655913978494623
3 0.3204314256098773 0.7591668791562977 0.025806451612903226 0.015053763440860216
3 0.3194202525768953 0.7549310925439342 0.025806451612903226 0.017204301075268817
3 0.30577404535672303 0.748801065715285 0.025806451612903226 0.015053763440860216
3 0.3105794658042067 0.7435698633919117 0.023655913978494623 0.015053763440860216
3 0.32236456708659433 0.7664380205942685 0.025806451612903226 0.012903225806451613
3 0.3239098206171769 0.7339731543779561 0.04946236559139785 0.030107526881720432
3 0.3186129504148096 0.6941504071250949 0.047311827956989246 0.023655913978494623
3 0.2758290825203661 0.63989796424903 0.03225806451612903 0.023655913978494623
39 0.30966279373123873 0.6534215184524195 0.07526881720430108 0.043010752688172046
3 0.5257026849884376 0.5362516193919986 0.010752688172043012 0.01935483870967742
3 0.5221205822386789 0.5360613812307529 0.017204301075268817 0.01935483870967742
3 0.5063028045560438 0.533777531572315 0.017204301075268817 0.023655913978494623
3 0.4643624322219765 0.5518706185160731 0.015053763440860216 0.023655913978494623
3 0.47088288653827737 0.5413921389611698 0.012903225806451613 0.021505376344086023
3 0.4536754309925465 0.5429465092252362 0.015053763440860216 0.025806451612903226
3 0.4809900195592408 0.52059140470877 0.010752688172043012 0.021505376344086023
3 0.493004139616467 0.5098859506965991 0.01935483870967742 0.023655913978494623
3 0.4880258549085251 0.5093442034441314 0.010752688172043012 0.017204301075268817
3 0.5175255976002217 0.5071686508897439 0.010752688172043012 0.017204301075268817
3 0.5089760324828422 0.5058447000249005 0.012903225806451613 0.017204301075268817
3 0.5501163150323853 0.4847858247635377 0.01935483870967742 0.02795698924731183
3 0.5401304591016896 0.49468954121689745 0.015053763440860216 0.02795698924731183
3 0.5587019528175702 0.49209904071184707 0.012903225806451613 0.017204301075268817
3 0.5919461654303942 0.48320278318734833 0.017204301075268817 0.025806451612903226
3 0.6077395142289813 0.4838366612347863 0.017204301075268817 0.021505376344086023
3 0.6379831576991677 0.48068110389126056 0.017204301075268817 0.01935483870967742
3 0.6495519692487672 0.4736571596583236 0.012903225806451613 0.023655913978494623
3 0.7245592159288042 0.48012781971750484 0.021505376344086023 0.008602150537634409
3 0.6898603809074575 0.49743621158124895 0.012903225806451613 0.021505376344086023
3 0.6858934966347846 0.5037512420195994 0.012903225806451613 0.023655913978494623
3 0.6404013191491839 0.5413230044114155 0.021505376344086023 0.010752688172043012
39 0.641121384278626 0.5544491352988594 0.021505376344086023 0.010752688172043012
3 0.6399589425173523 0.5516649757478177 0.021505376344086023 0.010752688172043012
3 0.6378779650024735 0.560006300839026 0.01935483870967742 0.010752688172043012
3 0.6456998673862696 0.5681073830250519 0.023655913978494623 0.012903225806451613
3 0.6296275628211251 0.5342190183871981 0.021505376344086023 0.010752688172043012
3 0.6291169730297874 0.52999308774158 0.01935483870967742 0.010752688172043012
3 0.6267462600650293 0.5241835408896743 0.023655913978494623 0.012903225806451613
3 0.6244133007845654 0.5126526107117506 0.02795698924731183 0.015053763440860216
3 0.6189557066290396 0.49541004379139814 0.025806451612903226 0.015053763440860216
3 0.5872034348955879 0.5242171406821591 0.025806451612903226 0.012903225806451613
3 0.5899225968689877 0.5186712492503164 0.025806451612903226 0.012903225806451613
3 0.5990244483550917 0.5369108974013146 0.023655913978494623 0.012903225806451613
3 0.597270388975677 0.5473983281156511 0.023655913978494623 0.012903225806451613
3 0.6069308014790527 0.5640464938256056 0.021505376344086023 0.015053763440860216
39 0.6518573821034784 0.5894422700940231 0.015053763440860216 0.01935483870967742
3 0.3952439185384332 0.7783457919700622 0.021505376344086023 0.023655913978494623
3 0.4033902826634885 0.7766743811825813 0.015053763440860216 0.017204301075268817
3 0.4106182474754618 0.7737436543213648 0.017204301075268817 0.01935483870967742
3 0.42038080876236417 0.7719002016193701 0.01935483870967742 0.021505376344086023
3 0.42768737369158727 0.7639005141503803 0.01935483870967742 0.01935483870967742
3 0.4284391176016404 0.751492451156443 0.023655913978494623 0.021505376344086023
3 0.45211073385049505 0.7327832532710813 0.021505376344086023 0.01935483870967742
3 0.48543297738617924 0.7059060815344723 0.025806451612903226 0.023655913978494623
3 0.466714195743522 0.716169873903903 0.025806451612903226 0.023655913978494623
3 0.4954733968279846 0.6903430958765059 0.04086021505376344 0.03655913978494624
3 0.5248076587039776 0.6738347932757373 0.017204301075268817 0.015053763440860216
3 0.5541246572655388 0.6247380676227237 0.03225806451612903 0.030107526881720432
3 0.5525871334799732 0.6405910656992942 0.021505376344086023 0.01935483870967742
3 0.5759202765136636 0.6182077691433355 0.021505376344086023 0.01935483870967742
3 0.6108373899049414 0.6076838344031338 0.015053763440860216 0.01935483870967742
3 0.6215452945902614 0.5947234076013462 0.015053763440860216 0.021505376344086023
3 0.6369354188054895 0.5975118481936561 0.015053763440860216 0.021505376344086023
3 0.6293837320929351 0.5945170406019614 0.015053763440860216 0.021505376344086023
3 0.6306436959016669 0.5958140467892457 0.015053763440860216 0.021505376344086023
3 0.659553238879029 0.5872092112695199 0.015053763440860216 0.01935483870967742
3 0.6746108757180223 0.5856757085044174 0.015053763440860216 0.021505376344086023
3 0.6909932764434961 0.5851724991749054 0.008602150537634409 0.017204301075268817
3 0.6959235228506412 0.5854047344918921 0.008602150537634409 0.017204301075268817
3 0.7052028454382427 0.5844125033581491 0.008602150537634409 0.017204301075268817
3 0.7048513136656906 0.5771414655075379 0.012903225806451613 0.01935483870967742
3 0.7223720977171781 0.5863196688197028 0.012903225806451613 0.01935483870967742
3 0.7280579230348211 0.5785930804681506 0.017204301075268817 0.021505376344086023
3 0.7386634216373543 0.5781613584539744 0.01935483870967742 0.021505376344086023
3 0.7462786013364597 0.5752297304347077 0.01935483870967742 0.021505376344086023
3 0.7527898678095272 0.5718688477130969 0.01935483870967742 0.021505376344086023
3 0.7557805442780384 0.5525106737593914 0.021505376344086023 0.025806451612903226
3 0.767595345546685 0.5572339035685269 0.01935483870967742 0.01935483870967742
3 0.7739572192861305 0.5433535563419563 0.023655913978494623 0.023655913978494623
3 0.7896201513311497 0.538243668795366 0.023655913978494623 0.015053763440860216
3 0.7763020372807339 0.5271716319679545 0.023655913978494623 0.012903225806451613
3 0.7816686834768594 0.5068987831380508 0.025806451612903226 0.012903225806451613
3 0.8125797864487608 0.4997387628345082 0.025806451612903226 0.015053763440860216
3 0.8315759562465566 0.5000489314978958 0.021505376344086023 0.012903225806451613
3 0.8195946545870466 0.48884627795186786 0.03225806451612903 0.015053763440860216
3 0.8202318733998973 0.47761248198052025 0.021505376344086023 0.010752688172043012
3 0.8207149349342028 0.47194396309243847 0.023655913978494623 0.012903225806451613
3 0.8294065454892825 0.45648377457993733 0.021505376344086023 0.010752688172043012
3 0.8280225411048683 0.4456934662955641 0.025806451612903226 0.008602150537634409
3 0.8262731118489881 0.41750882798099037 0.025806451612903226 0.012903225806451613
3 0.8265549699354857 0.42894253040465885 0.025806451612903226 0.012903225806451613
3 0.8247991690615155 0.41777769204557674 0.01935483870967742 0.008602150537634409
3 0.8176719133974557 0.4107361532069938 0.01935483870967742 0.015053763440860216
3 0.80571571004755 0.40508965694673754 0.01935483870967742 0.021505376344086023
3 0.7807305496893898 0.3887472019191997 0.017204301075268817 0.01935483870967742
3 0.7726960400184701 0.3909505301779639 0.012903225806451613 0.01935483870967742
3 0.7599586238596161 0.3858595393065464 0.012903225806451613 0.01935483870967742
3 0.7512044343774317 0.39143251129902445 0.017204301075268817 0.023655913978494623
3 0.7403999834349755 0.37025737269545916 0.012903225806451613 0.021505376344086023
3 0.726657899470342 0.38950253705586063 0.015053763440860216 0.021505376344086023
3 0.6992305183483891 0.3869061626794693 0.021505376344086023 0.02795698924731183
3 0.6764719219917177 0.3844025417891699 0.021505376344086023 0.034408602150537634
3 0.660219087544777 0.37395200861437466 0.017204301075268817 0.025806451612903226
3 0.628602994222461 0.3736712100628015 0.021505376344086023 0.03225806451612903
3 0.6097295976205325 0.3751576407740773 0.01935483870967742 0.030107526881720432
39 0.5230010340616901 0.3638228939039959 0.023655913978494623 0.010752688172043012
39 0.5327191283083692 0.3455418939286868 0.021505376344086023 0.012903225806451613
39 0.5259468423739917 0.3431313801121835 0.017204301075268817 0.010752688172043012
3 0.5443217657156285 0.424506696547206 0.023655913978494623 0.010752688172043012
3 0.5473206595830645 0.42028121523786804 0.021505376344086023 0.010752688172043012
3 0.5479168355106419 0.4159305719866442 0.021505376344086023 0.010752688172043012
3 0.5475348986229497 0.4032481850601893 0.021505376344086023 0.008602150537634409
3 0.5408803563688064 0.4040567850793677 0.023655913978494623 0.010752688172043012
3 0.5567113304412337 0.3891568906050602 0.023655913978494623 0.008602150537634409
3 0.5543425229971158 0.3849322209738279 0.021505376344086023 0.008602150537634409
3 0.5539079988609378 0.36915387004282424 0.021505376344086023 0.008602150537634409
3 0.5493438261857851 0.38435424847849836 0.021505376344086023 0.010752688172043012
3 0.5581966461393654 0.3723704605508244 0.025806451612903226 0.010752688172043012
3 0.5619703150029879 0.36295386647547345 0.023655913978494623 0.010752688172043012
3 0.56089898355602 0.3520580202880429 0.025806451612903226 0.010752688172043012
3 0.4983009024398915 0.4246352987763727 0.025806451612903226 0.010752688172043012
3 0.506902335158477 0.4238943513779237 0.023655913978494623 0.010752688172043012
3 0.5182841315704533 0.36925913128616106 0.023655913978494623 0.010752688172043012
3 0.5194390469818998 0.37589542862761294 0.023655913978494623 0.008602150537634409
3 0.5149348121709103 0.38545421648180667 0.025806451612903226 0.010752688172043012
3 0.44604193223761973 0.3365349308621712 0.021505376344086023 0.010752688172043012
3 0.44429073914457773 0.3436242426448065 0.021505376344086023 0.010752688172043012
3 0.44580695641541634 0.3526264936722752 0.025806451612903226 0.0064516129032258064
3 0.44515091164638704 0.36342332594978133 0.025806451612903226 0.010752688172043012
3 0.44077749400627814 0.367689300582392 0.023655913978494623 0.010752688172043012
3 0.43646150771722725 0.3880550968805478 0.025806451612903226 0.015053763440860216
3 0.4380016411042523 0.3762496555972985 0.023655913978494623 0.010752688172043012
3 0.43268997174242535 0.39805678832014646 0.025806451612903226 0.015053763440860216
3 0.44127900059139596 0.411744302318079 0.023655913978494623 0.008602150537634409
3 0.41697286406984674 0.43202932327118115 0.023655913978494623 0.010752688172043012
3 0.42895160478492383 0.42941034563181574 0.025806451612903226 0.015053763440860216
3 0.4205902747732536 0.45049033024302665 0.030107526881720432 0.010752688172043012
3 0.40606045725256446 0.46399201601784196 0.030107526881720432 0.010752688172043012
3 0.3776819719647339 0.4695464466036201 0.030107526881720432 0.010752688172043012
3 0.3745725489506205 0.45123792571106924 0.030107526881720432 0.010752688172043012
3 0.3918158073161905 0.39646566448160686 0.03655913978494624 0.01935483870967742
3 0.4112724672057931 0.3744197681129805 0.02795698924731183 0.008602150537634409
3 0.40176085695239316 0.38717542295007096 0.021505376344086023 0.008602150537634409
3 0.40284220411640076 0.36180481209154086 0.023655913978494623 0.010752688172043012
3 0.4140758423169186 0.3492313846361327 0.025806451612903226 0.010752688172043012
3 0.4081820504631018 0.3501740537509168 0.023655913978494623 0.010752688172043012
3 0.40521333798539905 0.3373023758069454 0.021505376344086023 0.010752688172043012
3 0.4161895163678463 0.33310607092328987 0.021505376344086023 0.008602150537634409
3 0.33191517924294084 0.32967601304267563 0.021505376344086023 0.04516129032258064
3 0.31845385753930233 0.31347380087626203 0.012903225806451613 0.021505376344086023
3 0.27296926172852864 0.31308560089226084 0.010752688172043012 0.015053763440860216
3 0.26457501862809424 0.30742569972402717 0.017204301075268817 0.030107526881720432
3 0.25400981586222876 0.314625253337961 0.023655913978494623 0.04086021505376344
3 0.23911909535635986 0.3027179314650623 0.015053763440860216 0.030107526881720432
25 0.3470079469522888 0.32960349998500627 0.025806451612903226 0.04946236559139785
3 0.22319584868375175 0.3089391465121301 0.02795698924731183 0.03870967741935484
3 0.1982594288706188 0.3021968890837072 0.025806451612903226 0.03655913978494624
3 0.11456686040197477 0.28529978788970756 0.034408602150537634 0.03655913978494624
3 0.053064475676462206 0.2984786752101753 0.015053763440860216 0.021505376344086023
