39 0.7962004732285797 0.27380937394021804 0.0913978494623656 0.08817204301075268
39 0.9318553230738044 0.11836938239551656 0.09247311827956989 0.08602150537634409
25 0.8814644299700309 0.34835095001917726 0.07741935483870968 0.07741935483870968
3 0.7871626119181927 0.2607528862857131 0.04408602150537634 0.03225806451612903
3 0.9473865534364827 0.28504851295132855 0.043010752688172046 0.030107526881720432
39 0.7732613100045518 0.21793450500440703 0.06344086021505377 0.041935483870967745
3 0.7788429314802501 0.21643728677739224 0.05268817204301075 0.035483870967741936
39 0.5768825230228387 0.32574106596886754 0.05053763440860215 0.03763440860215054
39 0.6826661145013455 0.27809123401748403 0.06451612903225806 0.04408602150537634
39 0.6831673431372952 0.43883223292113693 0.05698924731182796 0.03978494623655914
3 0.6533458476187021 0.3131570365462299 0.06774193548387097 0.03763440860215054
39 0.6918778892211237 0.4256808550649226 0.06451612903225806 0.035483870967741936
39 0.785271288198919 0.47705552388542916 0.10752688172043011 0.1010752688172043
5 0.21330223000415446 0.8292102896181108 0.1989247311827957 0.17849462365591398
3 0.39982186267764186 0.28708698109769215 0.07204301075268817 0.04946236559139785
39 0.46746200582877817 0.2096312571498371 0.07204301075268817 0.05591397849462366
25 0.5152210022908175 0.2288876979467443 0.0913978494623656 0.08172043010752689
3 0.4655490845521094 0.3434574461126972 0.046236559139784944 0.04408602150537634
25 0.6308900362411378 0.05368475953200734 0.06774193548387097 0.05698924731182796
12 0.059718784728903435 0.4616373677910623 0.04838709677419355 0.07956989247311828
5 0.2551405239128029 0.21661597626238532 0.1053763440860215 0.1
5 0.29581138941890117 0.21279123686643306 0.1032258064516129 0.0989247311827957
12 0.45054049113929207 0.06612058209442258 0.14408602150537633 0.1010752688172043
