30 0.9811613277215702 0.07526244900372558 0.01827956989247312 0.02903225806451613
30 0.9886996018528385 0.09700163723208574 0.01827956989247312 0.026881720430107527
30 0.031450340550337755 0.48585956564683086 0.05591397849462366 0.07204301075268817
30 0.6225002216864993 0.038633145696328926 0.12365591397849462 0.06989247311827956
30 0.7793235589270915 0.2714217470400886 0.12688172043010754 0.09462365591397849
30 0.7679908470226099 0.24133339849894472 0.14193548387096774 0.11182795698924732
30 0.8089277952006555 0.12255643101403411 0.15483870967741936 0.11397849462365592
30 0.1373183310552925 0.2620686877218638 0.18494623655913978 0.12688172043010754
30 0.2922469778855208 0.31931896075378785 0.14408602150537633 0.11827956989247312
30 0.1535136591222146 0.4815595641000833 0.16344086021505377 0.1010752688172043
30 0.40148181644523273 0.41296560623073786 0.15268817204301074 0.1053763440860215
