8 0.543010752688172 0.5032258064516129 0.44731182795698926 0.5913978494623656
3 0.12688172043010754 0.6526881720430108 0.03870967741935484 0.023655913978494623
3 0.12043010752688173 0.6602150537634408 0.03870967741935484 0.023655913978494623
3 0.03978494623655914 0.6225806451612903 0.053763440860215055 0.034408602150537634
8 0.23548387096774193 0.35376344086021505 0.44516129032258067 0.5913978494623656
9 0.36666666666666664 0.45806451612903226 0.4129032258064516 0.546236559139785
9 0.621505376344086 0.5526881720430108 0.3913978494623656 0.546236559139785
9 0.6903225806451613 0.5827956989247312 0.3935483870967742 0.5505376344086022
2 0.43548387096774194 0.4967741935483871 0.4967741935483871 0.6688172043010753
3 0.2870967741935484 0.4376344086021505 0.35913978494623655 0.47956989247311826
