5 0.8162331304226508 0.567781157391912 0.03655913978494624 0.021505376344086023 0.04168776677688835
5 0.8499960622160738 0.5838963688625911 0.03655913978494624 0.021505376344086023 0.04168776677688835
5 0.8045004166206641 0.6270445769946431 0.03655913978494624 0.021505376344086023 0.04168776677688835
5 0.8073736817998919 0.576133550416066 0.05161290322580645 0.03655913978494624 0.04168776677688835
5 0.8167412879520641 0.6177968468076269 0.03225806451612903 0.023655913978494623 0.04168776677688835
5 0.8032023232795398 0.6281184110373909 0.03655913978494624 0.021505376344086023 0.04168776677688835
5 0.751733932214235 0.6472801147358742 0.034408602150537634 0.01935483870967742 0.04168776677688835
5 0.7870385114097992 0.6770126219360457 0.034408602150537634 0.015053763440860216 0.04168776677688835
5 0.7879354266351826 0.6634366421122655 0.03870967741935484 0.017204301075268817 0.04168776677688835
5 0.7681458178280822 0.672926829666057 0.034408602150537634 0.01935483870967742 0.04168776677688835
5 0.7817027223444187 0.6948012875474002 0.034408602150537634 0.01935483870967742 0.04168776677688835
5 0.7819373130019677 0.6847476774842302 0.03655913978494624 0.021505376344086023 0.04168776677688835
5 0.7758204375390977 0.6980664559907679 0.034408602150537634 0.021505376344086023 0.04168776677688835
5 0.8426451830707747 0.8600757493686495 0.043010752688172046 0.06451612903225806 0.04168776677688835
5 0.8160017044424223 0.8107809209477524 0.043010752688172046 0.06451612903225806 0.04168776677688835
5 0.8432605375147991 0.6717093180454977 0.023655913978494623 0.06451612903225806 0.04168776677688835
5 0.7627758592331605 0.8503962967571006 0.06666666666666667 0.06236559139784946 0.04168776677688835
5 0.6813781398210896 0.8089854312484608 0.060215053763440864 0.06451612903225806 0.04168776677688835
20 0.6125240401983146 0.46112861980597886 0.24086021505376345 0.2021505376344086 0.04168776677688835
2 0.6600527072741396 0.40697961888396955 0.27741935483870966 0.23225806451612904 0.04168776677688835
24 0.45866109582293735 0.5024219248344206 0.589247311827957 0.5720430107526882 0.04168776677688835
25 0.739276458856816 0.38379641123387226 0.18924731182795698 0.16129032258064516 0.04168776677688835
