5 0.4335078192934788 0.7240678313910178 0.030107526881720432 0.025806451612903226
5 0.27823299737613555 0.7620616912940792 0.034408602150537634 0.030107526881720432
5 0.44517633172777726 0.8136530715405151 0.03655913978494624 0.030107526881720432
5 0.38479453424573495 0.7086764610845533 0.05591397849462366 0.04516129032258064
3 0.23217657449980578 0.7330384928617677 0.017204301075268817 0.023655913978494623
3 0.22995077279378667 0.7433857875050571 0.015053763440860216 0.021505376344086023
6 0.16693405645390336 0.7242381332684781 0.043010752688172046 0.060215053763440864
6 0.08719291650632754 0.6734899662873707 0.043010752688172046 0.060215053763440864
4 0.22294822184410776 0.7094397159435782 0.043010752688172046 0.07096774193548387
4 0.21943916338025052 0.6093455333196129 0.05806451612903226 0.09247311827956989
4 0.36827526018420753 0.6767393512820153 0.05806451612903226 0.09247311827956989
9 0.3232965691098681 0.2019892791247368 0.13548387096774195 0.18064516129032257
9 0.3907353185558749 0.18570468378759034 0.15698924731182795 0.2064516129032258
21 0.36797521155363366 0.2627853847711776 0.22580645161290322 0.2989247311827957
9 0.5042920584984748 0.4699582558445765 0.20430107526881722 0.26666666666666666
9 0.7782871507789211 0.5073154190446155 0.2064516129032258 0.2752688172043011
2 0.22901963220147944 0.3161954618302289 0.25806451612903225 0.35268817204301073
2 0.6359772394556251 0.5138791366641312 0.24946236559139784 0.33763440860215055
