2 0.7670785923149522 0.5038954430368516 0.08387096774193549 0.03870967741935484 0.0755718044343825
12 0.10126311347157135 0.6884135226599729 0.047311827956989246 0.05806451612903226 0.0755718044343825
5 0.5948302981262151 0.44684877970406806 0.06881720430107527 0.07526881720430108 0.0755718044343825
12 0.6601131979279401 0.5133487239919159 0.06236559139784946 0.06451612903225806 0.0755718044343825
12 0.6092371660943308 0.3721948823050401 0.18064516129032257 0.1827956989247312 0.0755718044343825
5 0.7182351843246314 0.8574254050205165 0.08387096774193549 0.06236559139784946 0.0755718044343825
4 0.6024487888526725 0.8540214737662422 0.0967741935483871 0.07096774193548387 0.0755718044343825
9 0.6896335670694599 0.6652971196751404 0.2752688172043011 0.21505376344086022 0.0755718044343825
2 0.8569636944565643 0.6864345316036757 0.2838709677419355 0.22580645161290322 0.0755718044343825
6 0.7031895653357738 0.5994126504880148 0.06236559139784946 0.060215053763440864 0.0755718044343825
6 0.6844940641521612 0.6481398723311164 0.06666666666666667 0.05591397849462366 0.0755718044343825
13 0.7102039762831712 0.880959078783695 0.0967741935483871 0.0967741935483871 0.0755718044343825
13 0.33303731222682237 0.09606937427030308 0.09462365591397849 0.09462365591397849 0.0755718044343825
13 0.36037721876244855 0.09717034010516463 0.1010752688172043 0.09247311827956989 0.0755718044343825
13 0.7243175214743581 0.7579389449901032 0.1053763440860215 0.07311827956989247 0.0755718044343825
