3 0.22263482639662185 0.8610892708593006 0.015053763440860216 0.023655913978494623 0.018633506871544296
3 0.22930318092949067 0.8620615960160541 0.015053763440860216 0.023655913978494623 0.018633506871544296
3 0.2238633899474346 0.8662631679915518 0.015053763440860216 0.023655913978494623 0.018633506871544296
3 0.25449313969297677 0.8642780662321092 0.015053763440860216 0.021505376344086023 0.018633506871544296
6 0.20832144211260442 0.8672423229058046 0.03870967741935484 0.060215053763440864 0.018633506871544296
6 0.16910218811124617 0.8360929922703905 0.04086021505376344 0.06236559139784946 0.018633506871544296
4 0.21022322487047343 0.777550732964803 0.060215053763440864 0.09032258064516129 0.018633506871544296
4 0.22819916724888764 0.7838445435893576 0.05161290322580645 0.07526881720430108 0.018633506871544296
4 0.6746283562246813 0.5513317566900947 0.1827956989247312 0.24301075268817204 0.018633506871544296
9 0.3185290233900683 0.3902836356115406 0.2086021505376344 0.27956989247311825 0.018633506871544296
9 0.7171413082538485 0.6377508578276989 0.2086021505376344 0.2838709677419355 0.018633506871544296
2 0.33483000591080436 0.41177796365963637 0.24731182795698925 0.33548387096774196 0.018633506871544296
2 0.7051419853550476 0.6520654913474513 0.24516129032258063 0.33763440860215055 0.018633506871544296
17 0.7766756007354891 0.6433181936408133 0.17849462365591398 0.23655913978494625 0.018633506871544296
