3 0.37205260697184084 0.7695484238788594 0.017204301075268817 0.008602150537634409 0.12177883884673012
5 0.7555289887867402 0.3417491655321494 0.04086021505376344 0.08172043010752689 0.12177883884673012
5 0.8406440495412316 0.44805019771935156 0.04516129032258064 0.08387096774193549 0.12177883884673012
4 0.517537098581186 0.43847076687345293 0.07096774193548387 0.047311827956989246 0.12177883884673012
4 0.6877349625013248 0.6992398996501259 0.07096774193548387 0.047311827956989246 0.12177883884673012
10 0.1940276167196118 0.6645232757209929 0.11612903225806452 0.28817204301075267 0.12177883884673012
10 0.5478738356347318 0.5117366406223917 0.16344086021505377 0.2860215053763441 0.12177883884673012
10 0.7122239985446557 0.47283218748036604 0.13333333333333333 0.2903225806451613 0.12177883884673012
10 0.8273382151161625 0.5377900697056813 0.12903225806451613 0.28817204301075267 0.12177883884673012
2 0.7731870535067383 0.6451406614490601 0.1913978494623656 0.44086021505376344 0.12177883884673012
2 0.4002080221411972 0.4826350936578879 0.16344086021505377 0.3763440860215054 0.12177883884673012
15 0.3280617751822109 0.6651069912331676 0.13978494623655913 0.3139784946236559 0.12177883884673012
