5 0.24990500574872085 0.796804186595421 0.03225806451612903 0.025806451612903226
5 0.30077084433833057 0.91132088804928 0.030107526881720432 0.023655913978494623
5 0.31082174327186635 0.7398839399796466 0.03870967741935484 0.03225806451612903
3 0.2192228163348478 0.7401128096196161 0.015053763440860216 0.021505376344086023
3 0.13883317470598638 0.7409552040959133 0.015053763440860216 0.021505376344086023
3 0.1341519599957827 0.7487457808859184 0.015053763440860216 0.021505376344086023
3 0.15958862652160857 0.7046043425123136 0.017204301075268817 0.021505376344086023
6 0.16306895554491804 0.7955995076523825 0.04086021505376344 0.060215053763440864
6 0.11191452358900217 0.736655505599348 0.04086021505376344 0.06236559139784946
4 0.2578261169331263 0.6740161802446716 0.03655913978494624 0.053763440860215055
4 0.20237049149407182 0.6263427994106059 0.04946236559139785 0.07526881720430108
4 0.2211694296819548 0.5112893911041451 0.05161290322580645 0.09032258064516129
8 0.22793029863448241 0.19249854884788437 0.1827956989247312 0.24946236559139784
4 0.1490613267214067 0.25368380901407056 0.14193548387096774 0.1913978494623656
21 0.3238909853576245 0.2275465929929734 0.2172043010752688 0.2989247311827957
9 0.6657188634179176 0.5550779705045297 0.2021505376344086 0.26666666666666666
9 0.638565547907739 0.8831623824126397 0.2860215053763441 0.2064516129032258
2 0.43381248630375 0.2812472911319941 0.25591397849462366 0.33548387096774196
2 0.6749171524763512 0.5641628971756987 0.2537634408602151 0.3419354838709677
18 0.3076476020195412 0.22065258432928134 0.16989247311827957 0.22580645161290322
17 0.5575245280916359 0.43034667329260945 0.17419354838709677 0.23225806451612904
