0 0.4138140281099517 0.5471436537897055 0.16989247311827957 0.17204301075268819
4 0.16111538631500344 0.23170508257292224 0.030107526881720432 0.030107526881720432
4 0.1612012849949766 0.2370674254988301 0.06451612903225806 0.06666666666666667
10 0.5060650546827171 0.6506223348599136 0.27956989247311825 0.20430107526881722
2 0.5299908515359537 0.6558787855957303 0.2817204301075269 0.22365591397849463
6 0.5884489928362137 0.5050815836297922 0.06451612903225806 0.05161290322580645
6 0.8467142945869475 0.7021470846441626 0.06666666666666667 0.05591397849462366
13 0.6649450493217124 0.8523954487821881 0.11182795698924732 0.08387096774193549
13 0.7625821681724471 0.9298049942793356 0.10967741935483871 0.10967741935483871
13 0.23509415631240774 0.23706993096337975 0.1053763440860215 0.10752688172043011
13 0.2443832321872504 0.12779449308939358 0.1053763440860215 0.1053763440860215
13 0.2722877326718396 0.16099334778520744 0.1032258064516129 0.1053763440860215
