5 0.3301075268817204 0.8623655913978494 0.04086021505376344 0.02795698924731183
5 0.3225806451612903 0.8720430107526882 0.04086021505376344 0.025806451612903226
4 0.36236559139784946 0.8451612903225807 0.06881720430107527 0.05591397849462366
5 0.15053763440860216 0.853763440860215 0.023655913978494623 0.03225806451612903
5 0.16236559139784945 0.8591397849462366 0.025806451612903226 0.03655913978494624
3 0.16666666666666666 0.8204301075268817 0.017204301075268817 0.021505376344086023
3 0.17526881720430107 0.8236559139784946 0.017204301075268817 0.021505376344086023
3 0.1817204301075269 0.8268817204301075 0.015053763440860216 0.021505376344086023
4 0.16236559139784945 0.7247311827956989 0.03655913978494624 0.04946236559139785
4 0.13978494623655913 0.7655913978494624 0.034408602150537634 0.04086021505376344
4 0.15913978494623657 0.7731182795698924 0.03225806451612903 0.04086021505376344
4 0.17634408602150536 0.7397849462365591 0.030107526881720432 0.03870967741935484
4 0.2064516129032258 0.7602150537634409 0.05806451612903226 0.08817204301075268
4 0.2752688172043011 0.34086021505376346 0.17204301075268819 0.22365591397849463
8 0.23655913978494625 0.31827956989247314 0.210752688172043 0.26666666666666666
9 0.7043010752688172 0.5688172043010753 0.3010752688172043 0.3763440860215054
9 0.35268817204301073 0.34516129032258064 0.2129032258064516 0.2817204301075269
2 0.30752688172043013 0.3580645161290323 0.25161290322580643 0.3225806451612903
2 0.6290322580645161 0.5774193548387097 0.24731182795698925 0.3333333333333333
