5 0.8118279569892473 0.5967741935483871 0.010752688172043012 0.01935483870967742
5 0.8193548387096774 0.5967741935483871 0.010752688172043012 0.017204301075268817
5 0.8064516129032258 0.613978494623656 0.012903225806451613 0.01935483870967742
5 0.8043010752688172 0.635483870967742 0.017204301075268817 0.023655913978494623
5 0.7430107526881721 0.7064516129032258 0.034408602150537634 0.01935483870967742
5 0.7430107526881721 0.6967741935483871 0.03655913978494624 0.021505376344086023
5 0.7473118279569892 0.689247311827957 0.03655913978494624 0.021505376344086023
5 0.7505376344086021 0.6817204301075269 0.03655913978494624 0.01935483870967742
5 0.7548387096774194 0.6741935483870968 0.03655913978494624 0.021505376344086023
5 0.7569892473118279 0.6655913978494624 0.034408602150537634 0.01935483870967742
5 0.7623655913978494 0.6548387096774193 0.03225806451612903 0.02795698924731183
5 0.7645161290322581 0.613978494623656 0.04946236559139785 0.03225806451612903
5 0.7752688172043011 0.6053763440860215 0.03655913978494624 0.023655913978494623
5 0.7774193548387097 0.5967741935483871 0.03870967741935484 0.023655913978494623
5 0.7806451612903226 0.5881720430107527 0.03655913978494624 0.023655913978494623
5 0.7817204301075269 0.5774193548387097 0.03655913978494624 0.025806451612903226
5 0.8010752688172043 0.7236559139784946 0.025806451612903226 0.06666666666666667
5 0.7956989247311828 0.7838709677419354 0.04086021505376344 0.06881720430107527
5 0.7752688172043011 0.8451612903225807 0.03870967741935484 0.06666666666666667
3 0.08709677419354839 0.4118279569892473 0.053763440860215055 0.05161290322580645
3 0.12365591397849462 0.01827956989247312 0.03655913978494624 0.02795698924731183
5 0.6612903225806451 0.8204301075268817 0.06236559139784946 0.06236559139784946
5 0.7118279569892473 0.8666666666666667 0.060215053763440864 0.060215053763440864
10 0.35913978494623655 0.4989247311827957 0.2623655913978495 0.2623655913978495
2 0.6279569892473118 0.3903225806451613 0.26666666666666666 0.221505376344086
