2 0.4169631143856689 0.76754778674778 0.06451612903225806 0.05161290322580645 0.07270611300999588
3 0.3211344216228358 0.6913539855932898 0.03870967741935484 0.03225806451612903 0.07270611300999588
4 0.38260718407805927 0.730958869774942 0.06881720430107527 0.060215053763440864 0.07270611300999588
5 0.15955621463783368 0.7580802941592644 0.01935483870967742 0.02795698924731183 0.07270611300999588
3 0.2689244265012608 0.7137074885324677 0.023655913978494623 0.034408602150537634 0.07270611300999588
3 0.25002887054528233 0.7830984404780464 0.023655913978494623 0.03655913978494624 0.07270611300999588
3 0.25206071357565074 0.6558310508303349 0.017204301075268817 0.025806451612903226 0.07270611300999588
3 0.17380125030028948 0.7357008623867812 0.017204301075268817 0.023655913978494623 0.07270611300999588
3 0.25578726599112084 0.857952347952379 0.015053763440860216 0.023655913978494623 0.07270611300999588
3 0.2597520576287025 0.7211157534113939 0.015053763440860216 0.021505376344086023 0.07270611300999588
6 0.20170620916625787 0.758612093304379 0.043010752688172046 0.060215053763440864 0.07270611300999588
6 0.21199158987896766 0.706256988124333 0.043010752688172046 0.06236559139784946 0.07270611300999588
2 0.29771049320945603 0.666766791447235 0.03870967741935484 0.053763440860215055 0.07270611300999588
7 0.27788731418340334 0.6923657186948473 0.04946236559139785 0.07741935483870968 0.07270611300999588
7 0.23716306387354202 0.6014731700070829 0.06666666666666667 0.1010752688172043 0.07270611300999588
8 0.6929242813559637 0.4918850762542665 0.18494623655913978 0.23440860215053763 0.07270611300999588
9 0.4597433595165702 0.45286731541559566 0.221505376344086 0.2838709677419355 0.07270611300999588
9 0.7251209675049025 0.47993915596490233 0.210752688172043 0.2838709677419355 0.07270611300999588
2 0.3141337095217159 0.2842837901217077 0.24086021505376345 0.3311827956989247 0.07270611300999588
2 0.6784422317798597 0.4798609105875305 0.24946236559139784 0.3333333333333333 0.07270611300999588
9 0.7351710743641586 0.48460336796202164 0.17849462365591398 0.24086021505376345 0.07270611300999588
