27 0.4271020009586035 0.7916127186167513 0.02795698924731183 0.021505376344086023
5 0.38911022646323606 0.7679848066715739 0.03655913978494624 0.02795698924731183
5 0.3793005529799452 0.793963947057701 0.034408602150537634 0.02795698924731183
4 0.4332495788375627 0.7426197468182373 0.047311827956989246 0.04086021505376344
4 0.4184547548609534 0.7527672424377128 0.053763440860215055 0.04516129032258064
3 0.2477689277908013 0.7485295703511333 0.017204301075268817 0.021505376344086023
3 0.24016823273580346 0.7411111679008195 0.015053763440860216 0.021505376344086023
3 0.2400768873822316 0.7393496439703041 0.017204301075268817 0.021505376344086023
6 0.19408716126191625 0.7376063230648877 0.03655913978494624 0.05806451612903226
4 0.7677391373107848 0.4950538358824214 0.12688172043010754 0.14838709677419354
5 0.6045938798804664 0.44926487649588526 0.07526881720430108 0.09247311827956989
0 0.6491159303689069 0.4477060481978483 0.221505376344086 0.2838709677419355
4 0.1927983575479818 0.20318048642283446 0.023655913978494623 0.034408602150537634
4 0.1648547266070486 0.4238335084539004 0.03225806451612903 0.060215053763440864
8 0.43503338997008345 0.27665770154170655 0.1913978494623656 0.26666666666666666
26 0.3443854984339157 0.24836558058557773 0.1978494623655914 0.24946236559139784
9 0.6933059841646264 0.46374288981313483 0.2086021505376344 0.26881720430107525
2 0.39599617096313616 0.2719570290229 0.24516129032258063 0.3311827956989247
2 0.7297948158699186 0.4644561239770948 0.24731182795698925 0.33763440860215055
18 0.3053326545560196 0.22947416788595112 0.16559139784946236 0.221505376344086
