5 0.1158139948434701 0.7556052965003093 0.017204301075268817 0.023655913978494623 0.10252518344925077
5 0.2607079881528957 0.707310616057088 0.017204301075268817 0.023655913978494623 0.10252518344925077
5 0.2137326268465184 0.7161950053493574 0.02795698924731183 0.03870967741935484 0.10252518344925077
4 0.44140779905348926 0.7999137751871772 0.05591397849462366 0.04946236559139785 0.10252518344925077
6 0.1561801625359268 0.5828815564283472 0.04516129032258064 0.060215053763440864 0.10252518344925077
3 0.1192928123338377 0.2993743326146082 0.02258064516129032 0.03118279569892473 0.10252518344925077
5 0.2949948074504132 0.10212849579825264 0.021505376344086023 0.025806451612903226 0.10252518344925077
7 0.3736246589375858 0.1713515175999349 0.13548387096774195 0.1870967741935484 0.10252518344925077
7 0.3722203417378222 0.0849607487511738 0.15268817204301074 0.2064516129032258 0.10252518344925077
28 0.4630373359696306 0.43428422968676705 0.23870967741935484 0.3139784946236559 0.10252518344925077
21 0.7564513025011605 0.5994394865732849 0.221505376344086 0.2924731182795699 0.10252518344925077
9 0.5676941134859913 0.5868572701951313 0.2 0.2731182795698925 0.10252518344925077
9 0.5676710912777626 0.5370829493675435 0.2 0.27956989247311825 0.10252518344925077
2 0.37619583502458553 0.2615582238311391 0.23870967741935484 0.3333333333333333 0.10252518344925077
2 0.8607542456364436 0.4773839895966801 0.23870967741935484 0.3311827956989247 0.10252518344925077
17 0.7169337791488354 0.408225870536702 0.16989247311827957 0.23440860215053763 0.10252518344925077
