5 0.2021505376344086 0.3172043010752688 0.01935483870967742 0.012903225806451613
5 0.2010752688172043 0.3225806451612903 0.021505376344086023 0.012903225806451613
5 0.23870967741935484 0.34301075268817205 0.023655913978494623 0.021505376344086023
8 0.2870967741935484 0.1956989247311828 0.2 0.26021505376344084
5 0.3204301075268817 0.43333333333333335 0.03225806451612903 0.017204301075268817
21 0.3365591397849462 0.2075268817204301 0.22580645161290322 0.2946236559139785
9 0.1870967741935484 0.13978494623655913 0.210752688172043 0.26666666666666666
9 0.21935483870967742 0.16129032258064516 0.2064516129032258 0.27741935483870966
2 0.24193548387096775 0.1924731182795699 0.24516129032258063 0.33548387096774196
19 0.5086021505376344 0.6591397849462366 0.47096774193548385 0.3655913978494624
17 0.36989247311827955 0.24086021505376345 0.18494623655913978 0.24086021505376345
