4 0.7391917522400835 0.4335811381101589 0.013978494623655914 0.035483870967741936 0.0002950852158794953
4 0.7548191664249149 0.43593763486803977 0.015053763440860216 0.035483870967741936 0.0002950852158794953
4 0.7860346000709612 0.43588744133931534 0.01935483870967742 0.035483870967741936 0.0002950852158794953
4 0.7073074743279728 0.43393796951817337 0.01827956989247312 0.02903225806451613 0.0002950852158794953
3 0.7381926812244584 0.3844299398097149 0.011827956989247311 0.02903225806451613 0.0002950852158794953
3 0.7187745922755804 0.38435175592971377 0.011827956989247311 0.02903225806451613 0.0002950852158794953
3 0.7746372532351973 0.38227421497859543 0.011827956989247311 0.02903225806451613 0.0002950852158794953
3 0.7763420628171451 0.3322994129350293 0.05161290322580645 0.015053763440860216 0.0002950852158794953
3 0.7906201068821579 0.4874551459885657 0.011827956989247311 0.04408602150537634 0.0002950852158794953
3 0.77764151523399 0.4879599044784478 0.015053763440860216 0.043010752688172046 0.0002950852158794953
3 0.6342153067206465 0.4343399911382726 0.03763440860215054 0.008602150537634409 0.0002950852158794953
6 0.6532184535021005 0.7158306630837886 0.14086021505376345 0.04838709677419355 0.0002950852158794953
6 0.7828361353933867 0.6074418933142234 0.05806451612903226 0.11612903225806452 0.0002950852158794953
6 0.4879879943587864 0.718863189092606 0.13870967741935483 0.041935483870967745 0.0002950852158794953
