4 0.3785378678972298 0.7339403874558086 0.034408602150537634 0.02795698924731183 0.014435429577630249
4 0.35468939243786374 0.7401949965484926 0.03655913978494624 0.030107526881720432 0.014435429577630249
4 0.38015348639506263 0.7353281938457735 0.025806451612903226 0.023655913978494623 0.014435429577630249
4 0.3901266979876669 0.7395080178363724 0.05161290322580645 0.04516129032258064 0.014435429577630249
4 0.40691769232505326 0.699556795251301 0.053763440860215055 0.047311827956989246 0.014435429577630249
3 0.1686027680523169 0.7047186581065691 0.017204301075268817 0.023655913978494623 0.014435429577630249
3 0.21622619697864462 0.7064139203150339 0.017204301075268817 0.021505376344086023 0.014435429577630249
3 0.2070224831774174 0.7196449890412945 0.015053763440860216 0.021505376344086023 0.014435429577630249
6 0.15583826603605389 0.7307987786338124 0.043010752688172046 0.06236559139784946 0.014435429577630249
6 0.13674792305890568 0.7030977958035713 0.04086021505376344 0.060215053763440864 0.014435429577630249
4 0.25115538416960054 0.6466351504823198 0.015053763440860216 0.023655913978494623 0.014435429577630249
4 0.2036594678479951 0.6267188022696815 0.04516129032258064 0.07096774193548387 0.014435429577630249
4 0.24237979867469522 0.616824148918956 0.05806451612903226 0.09032258064516129 0.014435429577630249
4 0.1996985205003272 0.6099852812841807 0.05806451612903226 0.09032258064516129 0.014435429577630249
5 0.32320002784985813 0.2062444617225961 0.025806451612903226 0.015053763440860216 0.014435429577630249
5 0.21770933449033736 0.3635932852371559 0.015053763440860216 0.023655913978494623 0.014435429577630249
7 0.2683910827874957 0.30928216650319484 0.1010752688172043 0.13118279569892474 0.014435429577630249
7 0.37641534330284687 0.09705384634802308 0.13548387096774195 0.17419354838709677 0.014435429577630249
8 0.7082333314290294 0.4693227642606604 0.2086021505376344 0.2860215053763441 0.014435429577630249
8 0.6149600171989863 0.3977226642065186 0.1956989247311828 0.26881720430107525 0.014435429577630249
9 0.6428974671163036 0.41924057824449756 0.1956989247311828 0.26881720430107525 0.014435429577630249
9 0.5912521016966862 0.39283220147342407 0.1935483870967742 0.26666666666666666 0.014435429577630249
9 0.38003555555738094 0.2290771323066478 0.1935483870967742 0.26666666666666666 0.014435429577630249
2 0.6545244496236483 0.4447978664597193 0.24301075268817204 0.33978494623655914 0.014435429577630249
2 0.34071661146299687 0.23698674673596026 0.24731182795698925 0.33763440860215055 0.014435429577630249
