27 0.7434640429868876 0.9419093802539089 0.03870967741935484 0.012903225806451613 0.008861034805582244
27 0.7394895736588986 0.9446827833726994 0.03870967741935484 0.015053763440860216 0.008861034805582244
27 0.7269264351393251 0.9594801476885506 0.03333333333333333 0.011827956989247311 0.008861034805582244
27 0.7679599696445593 0.9096213848631274 0.017204301075268817 0.02795698924731183 0.008861034805582244
27 0.7917134807533864 0.8524007726086418 0.01827956989247312 0.03118279569892473 0.008861034805582244
27 0.7708975339610038 0.8577978052266598 0.01935483870967742 0.03225806451612903 0.008861034805582244
27 0.8129821203221149 0.8555308869639605 0.016129032258064516 0.03118279569892473 0.008861034805582244
27 0.8038532711494547 0.860895689360955 0.02043010752688172 0.035483870967741936 0.008861034805582244
27 0.792081477465259 0.886734706714394 0.01827956989247312 0.03333333333333333 0.008861034805582244
27 0.8038072479298987 0.8966458685297726 0.01827956989247312 0.03225806451612903 0.008861034805582244
4 0.8317904907616229 0.6040918230287896 0.0978494623655914 0.12258064516129032 0.008861034805582244
1 0.46605393588447724 0.33287517890618024 0.6494623655913978 0.524731182795699 0.008861034805582244
15 0.2836295806875796 0.7013937468167503 0.2838709677419355 0.25161290322580643 0.008861034805582244
