5 0.2077198412324904 0.6045425497687434 0.03655913978494624 0.03225806451612903 0.24660462122200677
5 0.2196728691671386 0.5967890850371409 0.03655913978494624 0.03225806451612903 0.24660462122200677
5 0.2807905403048701 0.6868680936241803 0.030107526881720432 0.030107526881720432 0.24660462122200677
5 0.13965698287275435 0.6797250083644025 0.034408602150537634 0.034408602150537634 0.24660462122200677
5 0.14874234786625176 0.9613020207594152 0.03225806451612903 0.03225806451612903 0.24660462122200677
5 0.038782258177118056 0.3012551084878438 0.030107526881720432 0.030107526881720432 0.24660462122200677
18 0.23649482216817805 0.46376362204162314 0.43870967741935485 0.38064516129032255 0.24660462122200677
18 0.3795577399715547 0.41680010463386935 0.43870967741935485 0.38064516129032255 0.24660462122200677
18 0.168889461989022 0.03180302962311904 0.44086021505376344 0.3827956989247312 0.24660462122200677
18 0.16815348943719763 0.24349323158095568 0.44086021505376344 0.36989247311827955 0.24660462122200677
