5 0.6634408602150538 0.5086021505376344 0.017204301075268817 0.015053763440860216
5 0.6612903225806451 0.5129032258064516 0.01935483870967742 0.017204301075268817
5 0.6408602150537634 0.489247311827957 0.017204301075268817 0.017204301075268817
5 0.6365591397849463 0.4935483870967742 0.01935483870967742 0.01935483870967742
5 0.6172043010752688 0.4720430107526882 0.017204301075268817 0.017204301075268817
5 0.5956989247311828 0.45161290322580644 0.017204301075268817 0.01935483870967742
4 0.014516129032258065 0.2989247311827957 0.026881720430107527 0.09462365591397849
4 0.11935483870967742 0.2989247311827957 0.08602150537634409 0.16774193548387098
4 0.0956989247311828 0.30752688172043013 0.08387096774193549 0.16774193548387098
18 0.7655913978494624 0.4236559139784946 0.21935483870967742 0.18924731182795698
18 0.7419354838709677 0.4053763440860215 0.21935483870967742 0.18924731182795698
18 0.7193548387096774 0.3860215053763441 0.2172043010752688 0.1870967741935484
8 0.3989247311827957 0.5440860215053763 0.3139784946236559 0.06881720430107527
4 0.38064516129032255 0.567741935483871 0.1053763440860215 0.02795698924731183
26 0.3946236559139785 0.5075268817204301 0.3139784946236559 0.08602150537634409
18 0.7 0.3655913978494624 0.2172043010752688 0.1870967741935484
