5 0.23010752688172043 0.7602150537634409 0.015053763440860216 0.023655913978494623
5 0.23655913978494625 0.7612903225806451 0.015053763440860216 0.021505376344086023
5 0.24408602150537634 0.7645161290322581 0.015053763440860216 0.021505376344086023
4 0.3774193548387097 0.8010752688172043 0.03655913978494624 0.030107526881720432
4 0.3860215053763441 0.7956989247311828 0.034408602150537634 0.02795698924731183
4 0.4258064516129032 0.7860215053763441 0.05161290322580645 0.043010752688172046
4 0.19462365591397848 0.7666666666666667 0.043010752688172046 0.060215053763440864
2 0.24301075268817204 0.7053763440860215 0.03870967741935484 0.05591397849462366
4 0.27419354838709675 0.710752688172043 0.03225806451612903 0.047311827956989246
4 0.26129032258064516 0.7053763440860215 0.030107526881720432 0.04516129032258064
4 0.2129032258064516 0.6870967741935484 0.04516129032258064 0.07311827956989247
4 0.23333333333333334 0.6838709677419355 0.05161290322580645 0.08817204301075268
5 0.7666666666666667 0.5 0.04516129032258064 0.05591397849462366
28 0.4376344086021505 0.27956989247311825 0.24946236559139784 0.3161290322580645
2 0.3741935483870968 0.289247311827957 0.25161290322580643 0.33763440860215055
2 0.7021505376344086 0.4989247311827957 0.2537634408602151 0.33763440860215055
13 0.7430107526881721 0.5021505376344086 0.07956989247311828 0.10752688172043011
