6 0.43567314189266515 0.9639684574473343 0.06559139784946237 0.04516129032258064 0.08073827650185206
6 0.5455004570914072 0.9725467170822013 0.06236559139784946 0.05591397849462366 0.08073827650185206
6 0.23245607287682843 0.9726165039659587 0.043010752688172046 0.060215053763440864 0.08073827650185206
4 0.21253013650326713 0.8690102967895788 0.043010752688172046 0.07311827956989247 0.08073827650185206
4 0.2475472467775281 0.8855622732872585 0.05591397849462366 0.09032258064516129 0.08073827650185206
5 0.34787633433446374 0.5219521785870818 0.017204301075268817 0.015053763440860216 0.08073827650185206
5 0.4264678683275196 0.5242503441809511 0.043010752688172046 0.053763440860215055 0.08073827650185206
13 0.421818420534662 0.5127654393261647 0.09032258064516129 0.12043010752688173 0.08073827650185206
5 0.5919473489991635 0.7913632976377237 0.01935483870967742 0.012903225806451613 0.08073827650185206
5 0.6212282900594046 0.7936183706716171 0.017204301075268817 0.012903225806451613 0.08073827650185206
5 0.6242323209080018 0.8211080311136548 0.01935483870967742 0.012903225806451613 0.08073827650185206
5 0.7097089630614843 0.9520970939502379 0.01935483870967742 0.012903225806451613 0.08073827650185206
5 0.7519919702288798 0.811043304956229 0.021505376344086023 0.012903225806451613 0.08073827650185206
5 0.7663573110078211 0.9196274635811017 0.025806451612903226 0.017204301075268817 0.08073827650185206
8 0.7283375864315578 0.7732961282019043 0.20430107526881722 0.26666666666666666 0.08073827650185206
21 0.8375463378389177 0.7399167765672705 0.23010752688172043 0.2946236559139785 0.08073827650185206
9 0.6428084854051228 0.6041463626966354 0.2 0.2709677419354839 0.08073827650185206
9 0.6577561056680299 0.6750716589806558 0.1935483870967742 0.26666666666666666 0.08073827650185206
2 0.4026962019316946 0.4967829289653927 0.24731182795698925 0.3311827956989247 0.08073827650185206
2 0.7309595541626914 0.7219309151399395 0.2537634408602151 0.33978494623655914 0.08073827650185206
17 0.4370615468818192 0.46195543516900567 0.17634408602150536 0.24301075268817204 0.08073827650185206
17 0.8526066815613257 0.7590340797360476 0.17634408602150536 0.23440860215053763 0.08073827650185206
