4 0.5010752688172043 0.36236559139784946 0.034408602150537634 0.012903225806451613
4 0.5655913978494623 0.3935483870967742 0.012903225806451613 0.030107526881720432
4 0.5806451612903226 0.3419354838709677 0.012903225806451613 0.030107526881720432
4 0.6155913978494624 0.3435483870967742 0.013978494623655914 0.041935483870967745
4 0.4989247311827957 0.3435483870967742 0.04086021505376344 0.01827956989247312
4 0.5274193548387097 0.40053763440860213 0.035483870967741936 0.016129032258064516
4 0.5801075268817204 0.39838709677419354 0.011827956989247311 0.041935483870967745
4 0.6155913978494624 0.3989247311827957 0.013978494623655914 0.043010752688172046
6 0.646774193548387 0.5661290322580645 0.05268817204301075 0.11720430107526882
6 0.5145161290322581 0.6790322580645162 0.13655913978494624 0.046236559139784944
6 0.3532258064516129 0.6790322580645162 0.13440860215053763 0.04408602150537634
