4 0.7293479412112263 0.4989343220921017 0.017204301075268817 0.02795698924731183 0.06613962931951008
4 0.6325510012646606 0.39240440233542945 0.03870967741935484 0.010752688172043012 0.06613962931951008
4 0.5746658941783543 0.42406330981474605 0.043010752688172046 0.015053763440860216 0.06613962931951008
4 0.7432349843263062 0.34674384179281287 0.012903225806451613 0.034408602150537634 0.06613962931951008
4 0.6619023934234145 0.26952566549113577 0.013978494623655914 0.03333333333333333 0.06613962931951008
4 0.841892838590588 0.33706962222402576 0.011827956989247311 0.035483870967741936 0.06613962931951008
4 0.6033751469989266 0.36968336729311374 0.03118279569892473 0.010752688172043012 0.06613962931951008
4 0.6256367027264872 0.40376181226414243 0.035483870967741936 0.016129032258064516 0.06613962931951008
4 0.7096832408878488 0.4315491809966837 0.010752688172043012 0.03118279569892473 0.06613962931951008
4 0.7583793060085899 0.3692255090885384 0.010752688172043012 0.02795698924731183 0.06613962931951008
6 0.7752169376963063 0.5833157493351004 0.05698924731182796 0.11720430107526882 0.06613962931951008
6 0.6337929046196041 0.6704805135357552 0.14086021505376345 0.04408602150537634 0.06613962931951008
6 0.4086833194951944 0.6833686931193017 0.13870967741935483 0.046236559139784944 0.06613962931951008
