4 0.15376344086021507 0.6537634408602151 0.03870967741935484 0.06451612903225806
4 0.5526881720430108 0.5075268817204301 0.017204301075268817 0.02795698924731183
4 0.4043010752688172 0.3989247311827957 0.03655913978494624 0.015053763440860216
4 0.47419354838709676 0.4290322580645161 0.012903225806451613 0.034408602150537634
4 0.5564516129032258 0.3827956989247312 0.011827956989247311 0.02795698924731183
4 0.5064516129032258 0.37688172043010754 0.015053763440860216 0.03763440860215054
4 0.4182795698924731 0.3795698924731183 0.03655913978494624 0.010752688172043012
4 0.5365591397849462 0.47795698924731184 0.053763440860215055 0.01827956989247312
4 0.5086021505376344 0.42849462365591395 0.012903225806451613 0.03333333333333333
4 0.5446236559139785 0.4311827956989247 0.013978494623655914 0.034408602150537634
6 0.5489247311827957 0.5994623655913979 0.05268817204301075 0.12365591397849462
6 0.42096774193548386 0.7091397849462365 0.13440860215053763 0.04838709677419355
6 0.2467741935483871 0.7102150537634409 0.13440860215053763 0.05053763440860215
