4 0.61042773210436 0.4868023045454825 0.03870967741935484 0.03870967741935484 0.011207412707436741
4 0.6137029786299647 0.48097714467866975 0.05591397849462366 0.053763440860215055 0.011207412707436741
26 0.2551183983626488 0.40350342549227225 0.2537634408602151 0.26881720430107525 0.011207412707436741
26 0.31180284350636617 0.3898349165068745 0.2709677419354839 0.28817204301075267 0.011207412707436741
37 0.5722228406588903 0.669841782927467 0.34838709677419355 0.3333333333333333 0.011207412707436741
2 0.57651266918923 0.5426394284039491 0.5935483870967742 0.5806451612903226 0.011207412707436741
20 0.46610068512150443 0.354819264924104 0.21505376344086022 0.21505376344086022 0.011207412707436741
20 0.4908302293338732 0.3523595417967973 0.221505376344086 0.210752688172043 0.011207412707436741
20 0.7536515290143299 0.626790502098048 0.21505376344086022 0.21505376344086022 0.011207412707436741
20 0.7780366168460724 0.613419352960437 0.22365591397849463 0.2129032258064516 0.011207412707436741
