4 0.5959512329382655 0.5254586327825206 0.04946236559139785 0.012903225806451613 0.026954041441398707
4 0.5904888001645234 0.5075862788417203 0.05161290322580645 0.015053763440860216 0.026954041441398707
4 0.6713342184002298 0.519460128128728 0.02043010752688172 0.03118279569892473 0.026954041441398707
4 0.6334059412569859 0.472202461645528 0.011827956989247311 0.02903225806451613 0.026954041441398707
4 0.7065344619174444 0.47129658267962415 0.011827956989247311 0.030107526881720432 0.026954041441398707
4 0.602350205469297 0.5098357948047981 0.03978494623655914 0.012903225806451613 0.026954041441398707
4 0.6387315590820409 0.5013047455379264 0.013978494623655914 0.03870967741935484 0.026954041441398707
4 0.6907170826558098 0.5337029495585858 0.02043010752688172 0.035483870967741936 0.026954041441398707
6 0.7132245257723838 0.6500978171691499 0.04838709677419355 0.11935483870967742 0.026954041441398707
6 0.5956164323263322 0.8020209644304216 0.13333333333333333 0.046236559139784944 0.026954041441398707
6 0.4230272881577657 0.8017939775550879 0.13978494623655913 0.053763440860215055 0.026954041441398707
