2 0.5581718740975627 0.5382303610479546 0.08494623655913978 0.4913978494623656 0.05147879593460085
13 0.4411033814596274 0.46036554346105557 0.00967741935483871 0.08064516129032258 0.05147879593460085
13 0.45209203482551996 0.44342535981959236 0.023655913978494623 0.16666666666666666 0.05147879593460085
13 0.5004488616937454 0.351258413078752 0.02258064516129032 0.17096774193548386 0.05147879593460085
13 0.5901676603305719 0.3981649765624398 0.03225806451612903 0.17419354838709677 0.05147879593460085
13 0.6409806240289614 0.3755952281218829 0.024731182795698924 0.16881720430107527 0.05147879593460085
13 0.7293694048970845 0.4603053802996197 0.02795698924731183 0.17204301075268819 0.05147879593460085
13 0.620429548049176 0.41236347350859387 0.025806451612903226 0.16666666666666666 0.05147879593460085
13 0.8429004995738175 0.3742117064652084 0.02258064516129032 0.17096774193548386 0.05147879593460085
13 0.8084730382746403 0.4246380106114826 0.01935483870967742 0.17096774193548386 0.05147879593460085
13 0.5675611427440235 0.6129844205840802 0.02258064516129032 0.16881720430107527 0.05147879593460085
13 0.579656797456285 0.6313309531904198 0.021505376344086023 0.16881720430107527 0.05147879593460085
13 0.6265751850933898 0.6237402115618631 0.02043010752688172 0.14731182795698924 0.05147879593460085
13 0.6552696415611322 0.6002601199999492 0.030107526881720432 0.16559139784946236 0.05147879593460085
13 0.6073417589382052 0.6513670518310218 0.030107526881720432 0.16989247311827957 0.05147879593460085
