2 0.4665971443225626 0.4944679887545743 0.06559139784946237 0.4838709677419355 0.02110216656816954
13 0.4231696041632819 0.608448297796771 0.034408602150537634 0.24301075268817204 0.02110216656816954
13 0.5728824640603044 0.5885882715992641 0.030107526881720432 0.16774193548387098 0.02110216656816954
13 0.6232304323810358 0.5889264173270456 0.01935483870967742 0.17311827956989248 0.02110216656816954
13 0.6402662643794069 0.5917291645371251 0.02795698924731183 0.17204301075268819 0.02110216656816954
13 0.6502585978402923 0.5506166311273 0.01827956989247312 0.13655913978494624 0.02110216656816954
13 0.6911447924980975 0.5717020507932663 0.02795698924731183 0.14408602150537633 0.02110216656816954
13 0.5146469850860051 0.34769343615215587 0.02043010752688172 0.1774193548387097 0.02110216656816954
13 0.542607093391367 0.35133510769600496 0.017204301075268817 0.17311827956989248 0.02110216656816954
13 0.55494559311495 0.34944580591589763 0.01935483870967742 0.17096774193548386 0.02110216656816954
13 0.5807293937471987 0.3605580853857813 0.02795698924731183 0.1827956989247312 0.02110216656816954
13 0.6300251313781247 0.3428743372902651 0.030107526881720432 0.17849462365591398 0.02110216656816954
13 0.6945620856457322 0.37347738735944125 0.016129032258064516 0.17311827956989248 0.02110216656816954
