5 0.30688592673692 0.8123343416223323 0.13440860215053763 0.023655913978494623
5 0.1505620698392106 0.8697297003283334 0.03870967741935484 0.08602150537634409
2 0.5943183557331858 0.3881775667448722 0.04838709677419355 0.4956989247311828
13 0.5586816424014935 0.3853678475741297 0.017204301075268817 0.07526881720430108
13 0.6455763601500669 0.30655254737037285 0.02795698924731183 0.16559139784946236
13 0.7893867096999907 0.26023219535242814 0.01827956989247312 0.16666666666666666
13 0.8165775767682206 0.3279495773947045 0.01827956989247312 0.16666666666666666
13 0.7837160659335694 0.17067324663542494 0.01827956989247312 0.17096774193548386
13 0.8478586261978618 0.26342564644047717 0.01827956989247312 0.16881720430107527
13 0.8306071639981104 0.28508776441934436 0.02043010752688172 0.16881720430107527
13 0.8565538880594974 0.469340521035735 0.02043010752688172 0.17096774193548386
13 0.8589150297114898 0.5142846832843386 0.02258064516129032 0.16451612903225807
13 0.8161043649387654 0.48318026107294193 0.02795698924731183 0.14623655913978495
13 0.8824011304949094 0.45496023606903435 0.02795698924731183 0.16559139784946236
13 0.8314691051190166 0.4615298827693555 0.03870967741935484 0.17849462365591398
30 0.1694143199572677 0.8358682955448706 0.3053763440860215 0.060215053763440864
