4 0.9419354838709677 0.34623655913978496 0.02795698924731183 0.06236559139784946
4 0.9150537634408602 0.34623655913978496 0.02795698924731183 0.060215053763440864
4 0.9139784946236559 0.4075268817204301 0.02795698924731183 0.060215053763440864
4 0.9408602150537635 0.4064516129032258 0.02795698924731183 0.060215053763440864
2 0.3596774193548387 0.4381720430107527 0.035483870967741936 0.34946236559139787
2 0.8575268817204301 0.4064516129032258 0.03978494623655914 0.3225806451612903
22 0.9247311827956989 0.6634408602150538 0.11397849462365592 0.3247311827956989
24 0.256989247311828 0.6827956989247311 0.22365591397849463 0.578494623655914
24 0.4870967741935484 0.6602150537634408 0.24516129032258063 0.5849462365591398
24 0.7494623655913979 0.6924731182795699 0.23655913978494625 0.5935483870967742
