5 0.6225806451612903 0.9198924731182796 0.03225806451612903 0.011827956989247311
2 0.6209677419354839 0.5381720430107527 0.07849462365591398 0.489247311827957
1 0.14838709677419354 0.5451612903225806 0.221505376344086 0.5849462365591398
13 0.5333333333333333 0.4311827956989247 0.017204301075268817 0.07096774193548387
13 0.5634408602150538 0.4204301075268817 0.030107526881720432 0.16774193548387098
13 0.6650537634408602 0.39086021505376345 0.02043010752688172 0.16881720430107527
13 0.6940860215053763 0.38548387096774195 0.02043010752688172 0.16666666666666666
13 0.7263440860215054 0.39838709677419354 0.02258064516129032 0.17096774193548386
13 0.7564516129032258 0.3844086021505376 0.02043010752688172 0.16881720430107527
13 0.7860215053763441 0.39838709677419354 0.023655913978494623 0.16881720430107527
13 0.8155913978494623 0.38548387096774195 0.024731182795698924 0.17096774193548386
13 0.8467741935483871 0.39838709677419354 0.026881720430107527 0.17311827956989248
13 0.7301075268817204 0.6236559139784946 0.030107526881720432 0.16989247311827957
13 0.7596774193548387 0.6344086021505376 0.02043010752688172 0.16989247311827957
13 0.7897849462365591 0.6338709677419355 0.02258064516129032 0.14301075268817204
13 0.8220430107526882 0.6338709677419355 0.02043010752688172 0.17526881720430107
30 0.34301075268817205 0.9580645161290322 0.30752688172043013 0.06236559139784946
