4 0.7128689392235412 0.6517299224725425 0.05913978494623656 0.3978494623655914 0.013981650048707175
2 0.6523653739279579 0.4736479514795031 0.07634408602150537 0.47956989247311826 0.013981650048707175
1 0.16747931267745547 0.5331944435897034 0.22580645161290322 0.6021505376344086 0.013981650048707175
13 0.5467353485302489 0.3854591658506717 0.010752688172043012 0.07849462365591398 0.013981650048707175
13 0.5749316729554378 0.36620882036324365 0.02795698924731183 0.16559139784946236 0.013981650048707175
13 0.7510978657895683 0.3677643186724372 0.021505376344086023 0.16881720430107527 0.013981650048707175
13 0.7711448101555419 0.3525854867723068 0.02258064516129032 0.16881720430107527 0.013981650048707175
13 0.8022053563536042 0.3527598946486573 0.030107526881720432 0.16989247311827957 0.013981650048707175
13 0.83279320716623 0.34576071627201266 0.023655913978494623 0.16881720430107527 0.013981650048707175
13 0.8692697193541924 0.3653950672188121 0.023655913978494623 0.17311827956989248 0.013981650048707175
13 0.6942018309558572 0.3523503668282073 0.02258064516129032 0.16881720430107527 0.013981650048707175
13 0.7530720552045937 0.5643922004683676 0.023655913978494623 0.16774193548387098 0.013981650048707175
13 0.7728627997395358 0.6070269359244324 0.02795698924731183 0.16774193548387098 0.013981650048707175
13 0.7920294689651154 0.5932119696974448 0.02043010752688172 0.14301075268817204 0.013981650048707175
13 0.8479377206598929 0.5872472926686833 0.03225806451612903 0.16989247311827957 0.013981650048707175
13 0.6871415735975969 0.35505997158304764 0.030107526881720432 0.17204301075268819 0.013981650048707175
