4 0.7820607559798934 0.06217785614062216 0.11182795698924732 0.09032258064516129
4 0.7859849467993831 0.0873934526130697 0.10752688172043011 0.08602150537634409
7 0.2738047618896094 0.8942061206360454 0.2021505376344086 0.15268817204301074
5 0.708648843387871 0.8532195136595297 0.06451612903225806 0.05161290322580645
4 0.794063594681901 0.7855529534959649 0.1053763440860215 0.08387096774193549
4 0.5400831747383127 0.254376283305299 0.1032258064516129 0.08387096774193549
4 0.5790763111311031 0.35115211602932184 0.12688172043010754 0.1032258064516129
18 0.275106248212232 0.8742998561715308 0.23225806451612904 0.17634408602150536
2 0.43030843300573973 0.19113329048443967 0.45161290322580644 0.33763440860215055
2 0.5234135975873409 0.6249490038757812 0.3655913978494624 0.26881720430107525
13 0.4185017472275175 0.6397760073590117 0.11827956989247312 0.08172043010752689
13 0.46836325844184423 0.612850493906328 0.10967741935483871 0.08387096774193549
13 0.5926655838761367 0.44947062020992473 0.11182795698924732 0.07956989247311828
13 0.5984713307616946 0.6364209009584332 0.12043010752688173 0.1010752688172043
13 0.5853622469621554 0.7439678076722929 0.13118279569892474 0.09032258064516129
13 0.5565449348900509 0.7460304761951266 0.13333333333333333 0.08602150537634409
28 0.30939311060418684 0.16142453238628943 0.33548387096774196 0.25591397849462366
