5 0.7037395100777923 0.20771293685650527 0.008602150537634409 0.012903225806451613 0.14008751993987803
5 0.5820218368028311 0.11364472252959587 0.012903225806451613 0.030107526881720432 0.14008751993987803
5 0.6229577101433756 0.2747085009732788 0.012903225806451613 0.030107526881720432 0.14008751993987803
5 0.5985213524122045 0.2669762216226488 0.010752688172043012 0.01935483870967742 0.14008751993987803
0 0.7507225467105899 0.46148695444164434 0.11182795698924732 0.421505376344086 0.14008751993987803
0 0.7029837007055167 0.37982366174770427 0.12473118279569892 0.4258064516129032 0.14008751993987803
20 0.4482753457666613 0.40075274875063616 0.05161290322580645 0.2537634408602151 0.14008751993987803
2 0.7543884164127648 0.4136389216126481 0.041935483870967745 0.535483870967742 0.14008751993987803
2 0.2792916800432496 0.2712630916303651 0.03763440860215054 0.4827956989247312 0.14008751993987803
24 0.36223202064019766 0.536848442815424 0.23440860215053763 0.5849462365591398 0.14008751993987803
