5 0.18275005221309923 0.8941403787039934 0.12043010752688173 0.02795698924731183
5 0.54974190146149 0.7330582076323258 0.05053763440860215 0.3956989247311828
2 0.5178762081649726 0.5454999067318134 0.07204301075268817 0.4870967741935484
13 0.4736351306575756 0.7197079695453947 0.034408602150537634 0.24301075268817204
13 0.6424411689298083 0.6289477132911071 0.030107526881720432 0.16774193548387098
13 0.6637474714456235 0.6970444421366413 0.016129032258064516 0.16881720430107527
13 0.6613080318579564 0.6634952185152466 0.02795698924731183 0.17204301075268819
13 0.7335243876095061 0.5809251034419017 0.01827956989247312 0.13655913978494624
13 0.7482542084769286 0.6689385788978885 0.02795698924731183 0.14408602150537633
13 0.4998734923394302 0.3905954169883229 0.021505376344086023 0.1774193548387097
13 0.5636557806307945 0.4440868376792014 0.017204301075268817 0.17311827956989248
13 0.557313817110828 0.45577936978150824 0.01935483870967742 0.17096774193548386
13 0.6373163117072521 0.4275239191047308 0.02795698924731183 0.1827956989247312
13 0.6149947874393329 0.518201503170713 0.030107526881720432 0.17849462365591398
13 0.6300993773294167 0.498718302437403 0.016129032258064516 0.17311827956989248
