5 0.48655913978494625 0.889247311827957 0.03333333333333333 0.010752688172043012
2 0.1424731182795699 0.5736559139784946 0.12795698924731183 0.603225806451613
2 0.48118279569892475 0.5043010752688172 0.07204301075268817 0.47956989247311826
13 0.39408602150537636 0.39838709677419354 0.00967741935483871 0.07204301075268817
13 0.42258064516129035 0.3913978494623656 0.02795698924731183 0.15913978494623657
13 0.5263440860215054 0.3586021505376344 0.02258064516129032 0.17311827956989248
13 0.5586021505376344 0.3510752688172043 0.02043010752688172 0.17096774193548386
13 0.5887096774193549 0.3672043010752688 0.02258064516129032 0.17096774193548386
13 0.617741935483871 0.3586021505376344 0.02043010752688172 0.1774193548387097
13 0.6478494623655914 0.3618279569892473 0.02043010752688172 0.16881720430107527
13 0.678494623655914 0.3510752688172043 0.021505376344086023 0.16881720430107527
13 0.7075268817204301 0.3629032258064516 0.01935483870967742 0.17096774193548386
13 0.7365591397849462 0.35268817204301073 0.02795698924731183 0.16559139784946236
13 0.5919354838709677 0.5994623655913979 0.02043010752688172 0.16236559139784945
13 0.621505376344086 0.603225806451613 0.030107526881720432 0.16989247311827957
13 0.6532258064516129 0.5940860215053764 0.01827956989247312 0.17096774193548386
13 0.682258064516129 0.5951612903225807 0.02043010752688172 0.14731182795698924
13 0.7123655913978495 0.5919354838709677 0.02258064516129032 0.16666666666666666
