5 0.20232562978130478 0.31720779549399003 0.008602150537634409 0.013978494623655914 0.0016416975332188902
5 0.20047891765435916 0.3485392019752593 0.012903225806451613 0.02903225806451613 0.0016416975332188902
5 0.2013939268857982 0.38386610201959814 0.012903225806451613 0.02903225806451613 0.0016416975332188902
5 0.20266653285295066 0.4145065314430326 0.008602150537634409 0.01935483870967742 0.0016416975332188902
20 0.11090113141239762 0.7072519367200615 0.05806451612903226 0.25161290322580643 0.0016416975332188902
0 0.3572187078909296 0.6786777514536652 0.11397849462365592 0.421505376344086 0.0016416975332188902
0 0.18205441373126516 0.6781541597716814 0.12473118279569892 0.4258064516129032 0.0016416975332188902
20 0.6915949346166803 0.20904174202610762 0.04516129032258064 0.24731182795698925 0.0016416975332188902
20 0.6858051865465232 0.6719428465622231 0.05161290322580645 0.25161290322580643 0.0016416975332188902
2 0.26492590081119377 0.5431123266928907 0.041935483870967745 0.5172043010752688 0.0016416975332188902
2 0.6392133763125998 0.45590232146538356 0.05913978494623656 0.6741935483870968 0.0016416975332188902
22 0.5803464934676511 0.6723916883510508 0.0967741935483871 0.31827956989247314 0.0016416975332188902
