5 0.8456087181819684 0.8723018321217727 0.03763440860215054 0.08494623655913978 0.0199056265239001
5 0.3214750201253229 0.3665249933841272 0.01935483870967742 0.005376344086021506 0.0199056265239001
5 0.3422074468920502 0.3516399241821298 0.01935483870967742 0.005376344086021506 0.0199056265239001
5 0.3388200486140239 0.36833744463492935 0.01935483870967742 0.0064516129032258064 0.0199056265239001
5 0.31556573483301165 0.37408311418458795 0.01935483870967742 0.0064516129032258064 0.0199056265239001
5 0.32893559319743065 0.3461776927699588 0.01935483870967742 0.0064516129032258064 0.0199056265239001
5 0.33214098591966346 0.4053773769687764 0.024731182795698924 0.06129032258064516 0.0199056265239001
5 0.3237256977574286 0.504398356977991 0.024731182795698924 0.06129032258064516 0.0199056265239001
1 0.5951352477485072 0.6043729655273011 0.2118279569892473 0.603225806451613 0.0199056265239001
6 0.3606083805731243 0.525121977887496 0.03655913978494624 0.05806451612903226 0.0199056265239001
