5 0.46324496279699867 0.33724624722018764 0.008602150537634409 0.015053763440860216 0.047384167978041396
5 0.48791647710461633 0.3657906042445534 0.008602150537634409 0.01827956989247312 0.047384167978041396
5 0.34087271489342913 0.8786547839404477 0.21827956989247313 0.025806451612903226 0.047384167978041396
5 0.1566541897644196 0.40819701242257456 0.08064516129032258 0.35698924731182796 0.047384167978041396
2 0.6162548741040585 0.5374193790297269 0.07419354838709677 0.478494623655914 0.047384167978041396
13 0.5890574645298582 0.4160979157099877 0.016129032258064516 0.16129032258064516 0.047384167978041396
13 0.7433034640655366 0.4252707074487854 0.01827956989247312 0.17096774193548386 0.047384167978041396
13 0.7191042872784992 0.3740946294308383 0.01827956989247312 0.17096774193548386 0.047384167978041396
13 0.7574929955179375 0.4159805351762656 0.030107526881720432 0.16989247311827957 0.047384167978041396
13 0.8188523548927348 0.406527242059295 0.021505376344086023 0.17526881720430107 0.047384167978041396
13 0.7747933576898958 0.402839265145225 0.02043010752688172 0.17526881720430107 0.047384167978041396
13 0.8312680133828692 0.37305548579266645 0.02043010752688172 0.17311827956989248 0.047384167978041396
13 0.8736601946898049 0.3920043787262124 0.030107526881720432 0.17204301075268819 0.047384167978041396
13 0.8744867993877896 0.43617735381096123 0.02795698924731183 0.16774193548387098 0.047384167978041396
13 0.7404626240292564 0.658417364753782 0.030107526881720432 0.16559139784946236 0.047384167978041396
13 0.7612352196852592 0.6014021382168429 0.021505376344086023 0.17096774193548386 0.047384167978041396
13 0.8474436534733404 0.5596180818536154 0.021505376344086023 0.17096774193548386 0.047384167978041396
13 0.765419636054617 0.6109778847836329 0.02795698924731183 0.13548387096774195 0.047384167978041396
13 0.8510913449702329 0.6071487836652443 0.021505376344086023 0.14301075268817204 0.047384167978041396
