5 0.6076835027794957 0.5760834147219284 0.03225806451612903 0.08602150537634409 0.10588089033090362
37 0.9960807052234767 0.4949042518348403 0.16989247311827957 0.613978494623656 0.10588089033090362
5 0.04180498855060169 0.23300389656560205 0.024731182795698924 0.005376344086021506 0.10588089033090362
5 0.043474297061251166 0.24591293804713796 0.025806451612903226 0.0064516129032258064 0.10588089033090362
4 0.05488921426199622 0.11129588566555186 0.08172043010752689 0.010752688172043012 0.10588089033090362
5 0.278275349226438 0.3755559432792169 0.01827956989247312 0.0064516129032258064 0.10588089033090362
5 0.1636163265844685 0.1686108340241235 0.01827956989247312 0.0064516129032258064 0.10588089033090362
5 0.05624225337735708 0.1993607988612358 0.01827956989247312 0.0064516129032258064 0.10588089033090362
5 0.3057417207938124 0.38644465109288234 0.01827956989247312 0.0064516129032258064 0.10588089033090362
5 0.5922399451941033 0.23649116582967028 0.03870967741935484 0.08494623655913978 0.10588089033090362
4 0.2727300352445991 0.2542451827813606 0.024731182795698924 0.06236559139784946 0.10588089033090362
4 0.1606939875890484 0.5070960677079932 0.024731182795698924 0.06236559139784946 0.10588089033090362
4 0.21811152721775134 0.4547377409422215 0.024731182795698924 0.06236559139784946 0.10588089033090362
2 0.23450406140028654 0.25191019491572547 0.11505376344086021 0.3150537634408602 0.10588089033090362
2 0.5382926076259301 0.5189246735722558 0.1043010752688172 0.7279569892473118 0.10588089033090362
30 0.6020478426223843 0.6415860701512441 0.08064516129032258 0.2021505376344086 0.10588089033090362
