2 0.4614947370711249 0.5099636112178786 0.06774193548387097 0.478494623655914
13 0.36448112315942616 0.39153182391979874 0.00967741935483871 0.07741935483870968
13 0.42648871063036486 0.3930907695565585 0.02043010752688172 0.16989247311827957
13 0.5184972137619794 0.35907690503318523 0.02258064516129032 0.17311827956989248
13 0.5367009792707039 0.3647304818910437 0.021505376344086023 0.17419354838709677
13 0.5530435209590358 0.41836594024052354 0.030107526881720432 0.17849462365591398
13 0.6155972765423252 0.3786409321416766 0.02795698924731183 0.17419354838709677
13 0.6267061776080979 0.3779886683224977 0.01827956989247312 0.16989247311827957
13 0.6686867665338779 0.3635141802433725 0.017204301075268817 0.17204301075268819
13 0.6780354501871415 0.37735714397101044 0.02795698924731183 0.17204301075268819
13 0.7061967764586055 0.3720731137470384 0.017204301075268817 0.16989247311827957
13 0.7573653113912385 0.3696989121015715 0.02043010752688172 0.17634408602150536
13 0.5939618322113578 0.5876763775999276 0.013978494623655914 0.17419354838709677
13 0.6264102450841754 0.580779381536807 0.02043010752688172 0.17096774193548386
13 0.6347279520299904 0.6021030826034279 0.02795698924731183 0.16989247311827957
13 0.6705176704539797 0.6099921889210446 0.02043010752688172 0.14623655913978495
13 0.7218544360801096 0.5886431177411353 0.02043010752688172 0.16559139784946236
