3 0.6225412880792204 0.4343646826939331 0.010752688172043012 0.015053763440860216
5 0.18712215378112165 0.8647346981780868 0.08602150537634409 0.013978494623655914
5 0.08628649511857048 0.7116444302865399 0.043010752688172046 0.14731182795698924
5 0.07834344504281446 0.8115297285694065 0.025806451612903226 0.04946236559139785
5 0.01822139993709185 0.8475214144344899 0.035483870967741936 0.05698924731182796
5 0.18563956435948226 0.8999697691832688 0.03655913978494624 0.08817204301075268
14 0.9018106399638522 0.8138522135787382 0.05161290322580645 0.13440860215053763
14 0.9092440601516344 0.6700349025445497 0.05161290322580645 0.13548387096774195
14 0.7910575740909868 0.26793954222458594 0.03118279569892473 0.06236559139784946
14 0.7589691194179146 0.21013580806291113 0.03333333333333333 0.06344086021505377
5 0.3064537383392618 0.27242786290299703 0.03225806451612903 0.08387096774193549
2 0.20159437194204224 0.745437871404987 0.10752688172043011 0.38387096774193546
2 0.8201846401631117 0.5527400514746325 0.06774193548387097 0.6913978494623656
1 0.4525153060454759 0.6362321456823078 0.2172043010752688 0.5967741935483871
30 0.716692476444766 0.598735234281309 0.12365591397849462 0.5344086021505376
