14 0.6344086021505376 0.15806451612903225 0.053763440860215055 0.07311827956989247
14 0.6129032258064516 0.7811827956989247 0.04946236559139785 0.13870967741935483
14 0.6129032258064516 0.6209677419354839 0.05591397849462366 0.13655913978494624
14 0.6102150537634409 0.45806451612903226 0.04838709677419355 0.12473118279569892
14 0.6086021505376344 0.306989247311828 0.04946236559139785 0.12795698924731183
5 0.9580645161290322 0.1338709677419355 0.04516129032258064 0.14516129032258066
5 0.9672043010752688 0.3161290322580645 0.041935483870967745 0.09032258064516129
5 0.8236559139784946 0.17795698924731182 0.05161290322580645 0.14731182795698924
2 0.5451612903225806 0.5204301075268817 0.08602150537634409 0.7053763440860215
2 0.8913978494623656 0.43010752688172044 0.07741935483870968 0.6623655913978495
1 0.15376344086021507 0.5994623655913979 0.221505376344086 0.6118279569892473
35 0.48440860215053766 0.5602150537634408 0.13870967741935483 0.5333333333333333
