4 0.6834100885952156 0.7169299871324789 0.1010752688172043 0.08172043010752689 0.04099924772183355
4 0.6822838569786595 0.6982976532488266 0.1032258064516129 0.08387096774193549 0.04099924772183355
8 0.8165617923781595 0.4291055288785934 0.2 0.15268817204301074 0.04099924772183355
18 0.8374830232867619 0.46323274238200773 0.22580645161290322 0.16989247311827957 0.04099924772183355
2 0.48620467796505396 0.5348164516796148 0.7526881720430108 0.5806451612903226 0.04099924772183355
13 0.4191649347710345 0.9154364516177003 0.12903225806451613 0.1053763440860215 0.04099924772183355
19 0.34635645121046277 0.40858934203030695 0.45161290322580644 0.34838709677419355 0.04099924772183355
21 0.522714106581772 0.19759566662059755 0.3053763440860215 0.23225806451612904 0.04099924772183355
9 0.15708960651866782 0.40820548096336806 0.26666666666666666 0.2064516129032258 0.04099924772183355
9 0.5635206425446003 0.7062207027491256 0.26881720430107525 0.2086021505376344 0.04099924772183355
