4 0.21665543264937676 0.2510942197923537 0.10967741935483871 0.08387096774193549
4 0.574423425007396 0.4697332195959411 0.2623655913978495 0.2086021505376344
8 0.1608198594217526 0.29367531694940313 0.2623655913978495 0.20430107526881722
4 0.3222553390323246 0.25729406964864265 0.11397849462365592 0.08817204301075268
4 0.0953242540107608 0.928658819204573 0.08817204301075268 0.07956989247311828
26 0.5242887223634795 0.4727891333885878 0.26666666666666666 0.2129032258064516
18 0.15096984245619727 0.3168911707340908 0.23548387096774193 0.17204301075268819
2 0.6216941312740852 0.2241108758539012 0.4838709677419355 0.3419354838709677
13 0.9306406063315099 0.6133268596927264 0.10967741935483871 0.0967741935483871
30 0.673382876185079 0.20719390666549795 0.36129032258064514 0.2752688172043011
