4 0.7376344086021506 0.4967741935483871 0.1010752688172043 0.08172043010752689
4 0.7505376344086021 0.4806451612903226 0.1010752688172043 0.08172043010752689
8 0.8258064516129032 0.22365591397849463 0.1978494623655914 0.15053763440860216
18 0.8720430107526882 0.221505376344086 0.22795698924731184 0.17204301075268819
2 0.45483870967741935 0.3365591397849462 0.7612903225806451 0.5612903225806452
13 0.43010752688172044 0.6505376344086021 0.12258064516129032 0.0989247311827957
13 0.5946236559139785 0.8397849462365592 0.13978494623655913 0.1053763440860215
19 0.37526881720430105 0.2064516129032258 0.4559139784946237 0.36989247311827955
9 0.1935483870967742 0.1978494623655914 0.26666666666666666 0.210752688172043
9 0.6118279569892473 0.4956989247311828 0.26881720430107525 0.2064516129032258
