26 0.2075268817204301 0.14838709677419354 0.24086021505376345 0.1870967741935484
4 0.6430107526881721 0.32150537634408605 0.08602150537634409 0.07526881720430108
4 0.8258064516129032 0.4129032258064516 0.10967741935483871 0.09032258064516129
33 0.4698924731182796 0.6666666666666666 0.14838709677419354 0.12903225806451613
8 0.28279569892473116 0.5505376344086022 0.2086021505376344 0.15913978494623657
8 0.2989247311827957 0.5301075268817205 0.2064516129032258 0.15483870967741936
2 0.4290322580645161 0.25591397849462366 0.5763440860215053 0.44086021505376344
13 0.41397849462365593 0.28817204301075267 0.11612903225806452 0.08387096774193549
13 0.6365591397849463 0.33548387096774196 0.10752688172043011 0.08602150537634409
13 0.6193548387096774 0.35268817204301073 0.11182795698924732 0.08817204301075268
13 0.6021505376344086 0.4182795698924731 0.12043010752688173 0.07741935483870968
