0 0.26662753213335294 0.10580893891113488 0.23655913978494625 0.18064516129032257 0.04751888603234692
4 0.32358661210410283 0.9493235663797908 0.1053763440860215 0.08387096774193549 0.04751888603234692
4 0.06671610244845809 0.4111556062762823 0.0989247311827957 0.07741935483870968 0.04751888603234692
4 0.051698421288132713 0.4958998648425985 0.1053763440860215 0.08172043010752689 0.04751888603234692
18 0.2124414203334635 0.2502561768600556 0.23010752688172043 0.17419354838709677 0.04751888603234692
18 0.7837527605980152 0.13058073354741684 0.24086021505376345 0.18494623655913978 0.04751888603234692
17 0.1967794080534151 0.10737216935131863 0.24301075268817204 0.1827956989247312 0.04751888603234692
13 0.1557647477939007 0.7365494920597183 0.13548387096774195 0.0967741935483871 0.04751888603234692
13 0.12107320546212419 0.9155624335792607 0.12688172043010754 0.1032258064516129 0.04751888603234692
28 0.6248975280968992 0.28757996632870014 0.33763440860215055 0.25591397849462366 0.04751888603234692
