4 0.8989247311827957 0.16021505376344086 0.1913978494623656 0.15053763440860216
4 0.28817204301075267 0.14086021505376345 0.1053763440860215 0.08387096774193549
4 0.2709677419354839 0.15376344086021507 0.1032258064516129 0.08172043010752689
4 0.6860215053763441 0.45161290322580644 0.1010752688172043 0.07526881720430108
4 0.7010752688172043 0.4376344086021505 0.0989247311827957 0.07311827956989247
0 0.8032258064516129 0.17634408602150536 0.2645161290322581 0.2086021505376344
18 0.543010752688172 0.478494623655914 0.23225806451612904 0.17204301075268819
2 0.40860215053763443 0.2913978494623656 0.7634408602150538 0.5419354838709678
2 0.5483870967741935 0.7612903225806451 0.5591397849462365 0.410752688172043
38 0.3279569892473118 0.6537634408602151 0.23870967741935484 0.18494623655913978
21 0.17204301075268819 0.1774193548387097 0.2967741935483871 0.22795698924731184
9 0.5688172043010753 0.45268817204301076 0.2731182795698925 0.2086021505376344
