4 0.3602150537634409 0.8698924731182796 0.11182795698924732 0.09032258064516129
4 0.36989247311827955 0.8526881720430107 0.10967741935483871 0.08817204301075268
4 0.06774193548387097 0.4559139784946237 0.12688172043010754 0.1010752688172043
4 0.1 0.4021505376344086 0.1053763440860215 0.08387096774193549
4 0.11397849462365592 0.3881720430107527 0.1053763440860215 0.08387096774193549
4 0.35161290322580646 0.13655913978494624 0.11182795698924732 0.08817204301075268
0 0.1913978494623656 0.16989247311827957 0.24086021505376345 0.1935483870967742
26 0.24623655913978496 0.14516129032258066 0.2709677419354839 0.2086021505376344
13 0.1978494623655914 0.6021505376344086 0.10752688172043011 0.07096774193548387
13 0.13763440860215054 0.8709677419354839 0.10752688172043011 0.07096774193548387
28 0.6301075268817204 0.2591397849462366 0.3333333333333333 0.25591397849462366
