4 0.5473118279569893 0.23010752688172043 0.1032258064516129 0.07956989247311828
4 0.6172043010752688 0.5978494623655914 0.08387096774193549 0.07311827956989247
4 0.7989247311827957 0.6903225806451613 0.10752688172043011 0.08817204301075268
0 0.44086021505376344 0.9408602150537635 0.13763440860215054 0.11827956989247312
8 0.2591397849462366 0.8301075268817204 0.2064516129032258 0.15698924731182795
8 0.2763440860215054 0.8096774193548387 0.20430107526881722 0.15483870967741936
8 0.18387096774193548 0.4268817204301075 0.24086021505376345 0.18494623655913978
0 0.35698924731182796 0.08763440860215053 0.23010752688172043 0.17311827956989248
8 0.4311827956989247 0.3010752688172043 0.2086021505376344 0.15698924731182795
8 0.4612903225806452 0.2849462365591398 0.1978494623655914 0.15053763440860216
8 0.4913978494623656 0.26559139784946234 0.1870967741935484 0.14193548387096774
18 0.25806451612903225 0.0967741935483871 0.23655913978494625 0.17634408602150536
2 0.4010752688172043 0.5333333333333333 0.5870967741935483 0.432258064516129
2 0.40860215053763443 0.16774193548387098 0.44946236559139785 0.3247311827956989
13 0.3870967741935484 0.5655913978494623 0.12043010752688173 0.09032258064516129
13 0.610752688172043 0.6161290322580645 0.10752688172043011 0.09032258064516129
13 0.5935483870967742 0.632258064516129 0.11182795698924732 0.09247311827956989
13 0.5763440860215053 0.6978494623655914 0.11612903225806452 0.07526881720430108
