18 0.7145662909692526 0.3433632094258736 0.25806451612903225 0.1956989247311828
4 0.8229141224572798 0.4635212207001429 0.10752688172043011 0.08387096774193549
8 0.21838994044043367 0.8784452001540062 0.24086021505376345 0.18494623655913978
4 0.5754832431521685 0.6702187866237371 0.1053763440860215 0.08172043010752689
0 0.38783245073915973 0.5419991600560274 0.24086021505376345 0.1827956989247312
8 0.4774830968551695 0.7656748897328511 0.2086021505376344 0.15913978494623657
8 0.4776658550981069 0.7222220657362438 0.1978494623655914 0.15268817204301074
8 0.5407932588485508 0.6460291758563756 0.18924731182795698 0.14408602150537633
18 0.2730168103279835 0.5514486129279437 0.23655913978494625 0.17419354838709677
18 0.6335245741434654 0.4729192562493247 0.23655913978494625 0.17849462365591398
2 0.5670163632216969 0.3305824115398814 0.6602150537634408 0.4838709677419355
2 0.4625473947228439 0.6312683402569484 0.46021505376344085 0.3333333333333333
19 0.4912490426307996 0.15538038081542999 0.36774193548387096 0.2903225806451613
9 0.37174360896525266 0.1777302295753044 0.2838709677419355 0.2086021505376344
9 0.34575606793341007 0.18100719977946275 0.2817204301075269 0.210752688172043
