4 0.8866498450829751 0.7239999010766465 0.10967741935483871 0.09032258064516129
0 0.40306415231149345 0.13646937566126813 0.23440860215053763 0.17634408602150536
8 0.574176813430864 0.29141560123813764 0.1827956989247312 0.14408602150537633
8 0.32211632553805436 0.11562931480334274 0.1935483870967742 0.15053763440860216
33 0.3618045857940229 0.8563248245493671 0.14408602150537633 0.12473118279569892
8 0.21538643289659024 0.4175795981153101 0.24731182795698925 0.1870967741935484
2 0.47624819636642274 0.22491929831580082 0.4559139784946237 0.33978494623655914
2 0.4394933188035637 0.5695581085280699 0.578494623655914 0.4258064516129032
13 0.25131888450238976 0.31597438142485185 0.11397849462365592 0.09032258064516129
13 0.5817628976076497 0.45549553369063106 0.10752688172043011 0.08387096774193549
13 0.6578726097851375 0.48787759817486237 0.12258064516129032 0.08817204301075268
13 0.6518905903871749 0.6804541444125283 0.11612903225806452 0.08817204301075268
13 0.6891423183593735 0.7236903286078042 0.12258064516129032 0.08172043010752689
13 0.6093360575250364 0.771185383155445 0.14193548387096774 0.08817204301075268
13 0.6224417280417995 0.7589836292805897 0.13118279569892474 0.07311827956989247
