5 0.9638552451286365 0.452595356232659 0.034408602150537634 0.02795698924731183 0.1360187643966034
5 0.9805297620662305 0.3344824867412205 0.03655913978494624 0.030107526881720432 0.1360187643966034
5 0.9362418247171851 0.37190844418865576 0.034408602150537634 0.030107526881720432 0.1360187643966034
5 0.8325579410151154 0.36468565143251186 0.07311827956989247 0.060215053763440864 0.1360187643966034
2 0.4707461581830748 0.47395518880618753 0.6666666666666666 0.4989247311827957 0.1360187643966034
2 0.4963709649543691 0.5494333013477792 0.4559139784946237 0.33978494623655914 0.1360187643966034
28 0.25782149479154043 0.19289509449278158 0.34408602150537637 0.26881720430107525 0.1360187643966034
21 0.3059217535174285 0.29717067771687755 0.3053763440860215 0.23225806451612904 0.1360187643966034
9 0.5967701094315946 0.6338004046629738 0.27956989247311825 0.21505376344086022 0.1360187643966034
9 0.4895841714328752 0.6316014805829276 0.27956989247311825 0.2172043010752688 0.1360187643966034
