4 0.35015141013981665 0.6641526345888409 0.25591397849462366 0.1956989247311828 0.03790828292671407
4 0.5730130289726566 0.522696211678559 0.24731182795698925 0.1870967741935484 0.03790828292671407
18 0.8669092716084107 0.17420342435074365 0.23225806451612904 0.16774193548387098 0.03790828292671407
2 0.46618990491133944 0.32343865229656377 0.7720430107526882 0.5419354838709678 0.03790828292671407
2 0.6370763456040638 0.7775207460254243 0.5548387096774193 0.4043010752688172 0.03790828292671407
13 0.4324434402039087 0.6393100695747711 0.12473118279569892 0.09462365591397849 0.03790828292671407
13 0.5968768942878966 0.7402889854974204 0.12473118279569892 0.09462365591397849 0.03790828292671407
13 0.8602331260481761 0.6951397194902469 0.12473118279569892 0.08602150537634409 0.03790828292671407
19 0.3714311154131796 0.21315206361462158 0.45376344086021503 0.35913978494623655 0.03790828292671407
9 0.21800850612529452 0.1628928651928196 0.26666666666666666 0.210752688172043 0.03790828292671407
9 0.6031270436450095 0.4845669123484937 0.2709677419354839 0.2064516129032258 0.03790828292671407
