5 0.7799785128209255 0.5345676128936206 0.021505376344086023 0.021505376344086023 0.10260421805052462
8 0.8256860730273753 0.6488705125341618 0.18494623655913978 0.14193548387096774 0.10260421805052462
7 0.5949315682184045 0.4611527161254992 0.1053763440860215 0.08172043010752689 0.10260421805052462
7 0.6810004677118084 0.5114262253332524 0.1032258064516129 0.07956989247311828 0.10260421805052462
7 0.5365284608861641 0.26046304085111605 0.1032258064516129 0.07741935483870968 0.10260421805052462
7 0.4824625704079841 0.33442768640366727 0.12258064516129032 0.09462365591397849 0.10260421805052462
7 0.5126204180153339 0.32419391670310327 0.1032258064516129 0.07956989247311828 0.10260421805052462
7 0.4893689044969836 0.3122859266577382 0.1010752688172043 0.07741935483870968 0.10260421805052462
18 0.2505415419851458 0.12223472851871225 0.23870967741935484 0.17204301075268819 0.10260421805052462
18 0.23597892728371644 0.08286871948962993 0.23225806451612904 0.16559139784946236 0.10260421805052462
18 0.496203910693182 0.4617249180662045 0.23655913978494625 0.17849462365591398 0.10260421805052462
2 0.4263469772172347 0.3618889634504875 0.6645161290322581 0.4731182795698925 0.10260421805052462
9 0.47052629113073685 0.4285542824968639 0.2838709677419355 0.2129032258064516 0.10260421805052462
