8 0.4817204301075269 0.1827956989247312 0.1913978494623656 0.14838709677419354
8 0.45376344086021503 0.20430107526881722 0.2 0.15483870967741936
4 0.7903225806451613 0.6096774193548387 0.10752688172043011 0.08817204301075268
4 0.5397849462365591 0.14946236559139786 0.10967741935483871 0.08387096774193549
4 0.5548387096774193 0.13225806451612904 0.10967741935483871 0.08387096774193549
2 0.3946236559139785 0.45161290322580644 0.5827956989247312 0.4172043010752688
13 0.21397849462365592 0.289247311827957 0.10967741935483871 0.08817204301075268
13 0.3935483870967742 0.4172043010752688 0.11182795698924732 0.08602150537634409
13 0.4032258064516129 0.4967741935483871 0.1053763440860215 0.07741935483870968
13 0.3860215053763441 0.5118279569892473 0.10752688172043011 0.07311827956989247
13 0.5612903225806452 0.6118279569892473 0.12903225806451613 0.08387096774193549
13 0.621505376344086 0.34408602150537637 0.12688172043010754 0.09032258064516129
