0 0.5075268817204301 0.17634408602150536 0.23655913978494625 0.1870967741935484
4 0.5946236559139785 0.6225806451612903 0.09032258064516129 0.07311827956989247
7 0.6053763440860215 0.6526881720430108 0.1053763440860215 0.08387096774193549
7 0.5913978494623656 0.6688172043010753 0.1053763440860215 0.08387096774193549
7 0.5763440860215053 0.6827956989247311 0.1032258064516129 0.08172043010752689
8 0.7956989247311828 0.3881720430107527 0.2 0.15053763440860216
8 0.8086021505376344 0.35913978494623655 0.1956989247311828 0.14623655913978495
8 0.2010752688172043 0.8698924731182796 0.24731182795698925 0.1870967741935484
8 0.5064516129032258 0.7043010752688172 0.20430107526881722 0.15053763440860216
8 0.3774193548387097 0.5236559139784946 0.25806451612903225 0.1956989247311828
8 0.5064516129032258 0.7043010752688172 0.2021505376344086 0.15053763440860216
8 0.4881720430107527 0.7247311827956989 0.2 0.14838709677419354
18 0.2870967741935484 0.5483870967741935 0.22795698924731184 0.16774193548387098
18 0.26666666666666666 0.5666666666666667 0.23010752688172043 0.16989247311827957
2 0.5967741935483871 0.2870967741935484 0.6623655913978495 0.4989247311827957
2 0.44193548387096776 0.6182795698924731 0.46021505376344085 0.33548387096774196
13 0.25161290322580643 0.8236559139784946 0.12688172043010754 0.0989247311827957
13 0.421505376344086 0.943010752688172 0.12258064516129032 0.08817204301075268
9 0.7225806451612903 0.4096774193548387 0.2731182795698925 0.2129032258064516
