5 0.05914219191923942 0.3115137214518496 0.07096774193548387 0.030107526881720432
18 0.1985064910765935 0.1975459167512122 0.22365591397849463 0.18064516129032257
2 0.4684832773669122 0.3799123000561254 0.7569892473118279 0.5634408602150538
2 0.6538211593883253 0.7189443688899433 0.556989247311828 0.4129032258064516
13 0.9239071485075416 0.5655793103327675 0.11827956989247312 0.08172043010752689
13 0.6642109255888268 0.7647368077050907 0.12258064516129032 0.08387096774193549
13 0.6103640834498331 0.7299619325174691 0.12903225806451613 0.08387096774193549
13 0.6197534242540396 0.7145503247486802 0.12043010752688173 0.08172043010752689
13 0.8847607308993066 0.8924333652028237 0.14838709677419354 0.1053763440860215
19 0.5646360785831868 0.38374107903565063 0.45161290322580644 0.3720430107526882
38 0.40024352944325203 0.7481832690214588 0.23870967741935484 0.1827956989247312
21 0.3446413144943594 0.3583293775106865 0.1827956989247312 0.14193548387096774
9 0.5548544233398597 0.6338849373759684 0.2709677419354839 0.2086021505376344
9 0.6919394706980327 0.49329100170061563 0.2731182795698925 0.2064516129032258
