4 0.7841244817905262 0.2542692902191642 0.1032258064516129 0.09032258064516129 0.12718844886358496
4 0.7852122518227584 0.41619644289498736 0.1032258064516129 0.09032258064516129 0.12718844886358496
4 0.15586227594031418 0.17189284587078976 0.24301075268817204 0.1935483870967742 0.12718844886358496
33 0.2841747517839456 0.6173574898159286 0.16129032258064516 0.14193548387096774 0.12718844886358496
33 0.6217268309073405 0.7282845250987691 0.16129032258064516 0.14193548387096774 0.12718844886358496
2 0.5274152703297093 0.23969176562407604 0.5849462365591398 0.432258064516129 0.12718844886358496
13 0.20227145065939922 0.03502126617841108 0.12688172043010754 0.1010752688172043 0.12718844886358496
13 0.33881664884234697 0.1696036100407674 0.12903225806451613 0.09462365591397849 0.12718844886358496
13 0.5989367894838047 0.2633561350576645 0.12688172043010754 0.0989247311827957 0.12718844886358496
13 0.6717538463009098 0.390641200786252 0.13763440860215054 0.1010752688172043 0.12718844886358496
