7 0.47876408719864705 0.3886141068170509 0.1032258064516129 0.08172043010752689 0.19099736357510438
7 0.8296584406552492 0.6139545781937951 0.1032258064516129 0.08172043010752689 0.19099736357510438
2 0.29016457304082627 0.9587987336312644 0.28817204301075267 0.21505376344086022 0.19099736357510438
8 0.38469193262985035 0.5460193324909779 0.24731182795698925 0.1913978494623656 0.19099736357510438
8 0.30077232500369316 0.5467532669212014 0.2731182795698925 0.20430107526881722 0.19099736357510438
8 0.45083113842085676 0.6053838099068743 0.2021505376344086 0.15268817204301074 0.19099736357510438
18 0.14777694405951253 0.7752807209740181 0.23655913978494625 0.17634408602150536 0.19099736357510438
17 0.4004846376998467 0.12875290160206707 0.24516129032258063 0.18494623655913978 0.19099736357510438
2 0.6226771498419245 0.36900218126451806 0.6473118279569893 0.4989247311827957 0.19099736357510438
2 0.3945706298336323 0.6233255007336072 0.45806451612903226 0.33548387096774196 0.19099736357510438
13 0.636731670865802 0.8861084788534603 0.10752688172043011 0.07741935483870968 0.19099736357510438
9 0.4180869548911027 0.11349116549978666 0.2709677419354839 0.20430107526881722 0.19099736357510438
