4 0.5854744439738769 0.936942477635395 0.1010752688172043 0.07741935483870968 0.13908014207904185
4 0.6849306276591998 0.7191376287410994 0.1010752688172043 0.07741935483870968 0.13908014207904185
4 0.22324318782975883 0.46252818120637806 0.1053763440860215 0.07956989247311828 0.13908014207904185
4 0.21627427569561017 0.2641839953770897 0.10752688172043011 0.08172043010752689 0.13908014207904185
8 0.28107328234815293 0.9245813649834697 0.22043010752688172 0.16236559139784945 0.13908014207904185
8 0.9263181240955166 0.43614096310713313 0.1978494623655914 0.15483870967741936 0.13908014207904185
9 0.8412867322078572 0.4907536533939253 0.2645161290322581 0.2064516129032258 0.13908014207904185
18 0.4896687036349392 0.8195845142425345 0.23225806451612904 0.17204301075268819 0.13908014207904185
2 0.26092069292407105 0.6683249124020899 0.7784946236559139 0.5720430107526882 0.13908014207904185
2 0.7003308873754288 0.30157931699684304 0.6086021505376344 0.4645161290322581 0.13908014207904185
21 0.048122289453804104 0.49436249192557996 0.3053763440860215 0.23440860215053763 0.13908014207904185
9 0.5153144523552186 0.24526586427486774 0.27956989247311825 0.2172043010752688 0.13908014207904185
9 0.5660860998118014 0.7360942564041707 0.2709677419354839 0.2064516129032258 0.13908014207904185
