4 0.5575282027671471 0.8301356713977461 0.10752688172043011 0.08172043010752689 0.04451117412175178
4 0.5089508748080009 0.7810997757603603 0.1053763440860215 0.07956989247311828 0.04451117412175178
13 0.21336822805655997 0.9073680496129666 0.12258064516129032 0.09032258064516129 0.04451117412175178
0 0.38286681973309344 0.6876975875294364 0.24516129032258063 0.18924731182795698 0.04451117412175178
8 0.498462578624141 0.818517885574672 0.18924731182795698 0.14408602150537633 0.04451117412175178
8 0.48006869703395705 0.8495615417375975 0.2021505376344086 0.15053763440860216 0.04451117412175178
18 0.25759298531580904 0.6656177534357702 0.23225806451612904 0.17419354838709677 0.04451117412175178
2 0.5323417611144908 0.4022154967241144 0.6666666666666666 0.4752688172043011 0.04451117412175178
2 0.49069925656562796 0.8195738078899149 0.45161290322580644 0.33763440860215055 0.04451117412175178
28 0.4082176207619382 0.22143309892693033 0.34408602150537637 0.26881720430107525 0.04451117412175178
9 0.7442107380429105 0.48875984239501374 0.2838709677419355 0.210752688172043 0.04451117412175178
9 0.706945822123024 0.48146822395400457 0.2817204301075269 0.21935483870967742 0.04451117412175178
9 0.34845488656873624 0.3312466234981198 0.2860215053763441 0.21935483870967742 0.04451117412175178
