4 0.9856674595657671 0.3623153906897659 0.07096774193548387 0.05591397849462366 0.11312253827668133
4 0.9108832509545121 0.5131487711194836 0.11182795698924732 0.08602150537634409 0.11312253827668133
4 0.4773834230018397 0.572186294083145 0.23440860215053763 0.1870967741935484 0.11312253827668133
2 0.5590738190397896 0.18117821997664607 0.5763440860215053 0.421505376344086 0.11312253827668133
2 0.8586985851798047 0.6336857667874234 0.13548387096774195 0.1010752688172043 0.11312253827668133
2 0.8406383796734922 0.4403241421240716 0.16129032258064516 0.12043010752688173 0.11312253827668133
13 0.7708861271976715 0.11148728062081953 0.11827956989247312 0.08387096774193549 0.11312253827668133
13 0.49591639314745234 0.3208596157222149 0.12043010752688173 0.08602150537634409 0.11312253827668133
13 0.5348941222369356 0.29998008319185265 0.12473118279569892 0.09032258064516129 0.11312253827668133
13 0.5006721669421158 0.31640296563444076 0.12688172043010754 0.08387096774193549 0.11312253827668133
13 0.847766294490914 0.34980880280989435 0.11612903225806452 0.09032258064516129 0.11312253827668133
13 0.7390818709559305 0.44910889743192406 0.12258064516129032 0.08817204301075268 0.11312253827668133
38 0.2123526667088924 0.07849102964321338 0.23655913978494625 0.18494623655913978 0.11312253827668133
