18 0.24408602150537634 0.4946236559139785 0.23655913978494625 0.1827956989247312
7 0.613978494623656 0.3 0.0967741935483871 0.07526881720430108
7 0.6279569892473118 0.2860215053763441 0.1053763440860215 0.08387096774193549
18 0.5408602150537635 0.3225806451612903 0.1956989247311828 0.15053763440860216
18 0.41397849462365593 0.14946236559139786 0.2709677419354839 0.2064516129032258
18 0.3086021505376344 0.15591397849462366 0.23225806451612904 0.17849462365591398
2 0.47419354838709676 0.23763440860215054 0.45806451612903226 0.33548387096774196
2 0.46774193548387094 0.6053763440860215 0.5827956989247312 0.41935483870967744
13 0.4666666666666667 0.5709677419354838 0.13978494623655913 0.1032258064516129
13 0.46774193548387094 0.6419354838709678 0.13763440860215054 0.0989247311827957
13 0.6956989247311828 0.4956989247311828 0.13548387096774195 0.0967741935483871
13 0.6505376344086021 0.7731182795698924 0.11397849462365592 0.07956989247311828
13 0.6258064516129033 0.7881720430107527 0.12473118279569892 0.07956989247311828
