33 0.3419354838709677 0.7473118279569892 0.24516129032258063 0.06451612903225806
2 0.36236559139784946 0.11935483870967742 0.28817204301075267 0.030107526881720432
2 0.443010752688172 0.2537634408602151 0.47096774193548385 0.03225806451612903
2 0.4344086021505376 0.3774193548387097 0.47096774193548385 0.03655913978494624
2 0.43010752688172044 0.5075268817204301 0.4666666666666667 0.04086021505376344
2 0.4021505376344086 0.6333333333333333 0.4258064516129032 0.03225806451612903
2 0.3946236559139785 0.7860215053763441 0.421505376344086 0.03655913978494624
2 0.38064516129032255 0.9387096774193548 0.432258064516129 0.034408602150537634
16 0.4204301075268817 0.289247311827957 0.42795698924731185 0.07096774193548387
16 0.4258064516129032 0.4731182795698925 0.43870967741935485 0.07956989247311828
30 0.3978494623655914 0.5408602150537635 0.3655913978494624 0.06236559139784946
