27 0.2657050736965821 0.20774163759019423 0.12258064516129032 0.15483870967741936 0.04082265105260986
2 0.5523365482318003 0.6053560622047881 0.38924731182795697 0.5397849462365591 0.04082265105260986
2 0.4699790109912021 0.35208928913343235 0.26021505376344084 0.35698924731182796 0.04082265105260986
2 0.28421975974842406 0.2417714309687553 0.23010752688172043 0.3311827956989247 0.04082265105260986
2 0.2076626972623224 0.23396063077494197 0.16344086021505377 0.22795698924731184 0.04082265105260986
10 0.3525258919505944 0.6461187846027866 0.18064516129032257 0.2623655913978495 0.04082265105260986
10 0.4430374535392933 0.7032741520036849 0.1913978494623656 0.26021505376344084 0.04082265105260986
10 0.49968919968862363 0.7413772841594115 0.1956989247311828 0.25806451612903225 0.04082265105260986
20 0.6197333022353754 0.44252673162252026 0.1870967741935484 0.2623655913978495 0.04082265105260986
15 0.7210081578653007 0.4887877355465494 0.2021505376344086 0.2817204301075269 0.04082265105260986
