4 0.4081634769072867 0.9457520955363486 0.1913978494623656 0.03225806451612903
2 0.40315264767500775 0.10676786230835238 0.2989247311827957 0.03655913978494624
2 0.5294440558756174 0.2539798627143327 0.4774193548387097 0.03225806451612903
2 0.5006201556449621 0.3826974923191001 0.4645161290322581 0.04086021505376344
2 0.5115903548615569 0.4868480448306399 0.47096774193548385 0.03655913978494624
2 0.4502113727685195 0.6178199968633755 0.43010752688172044 0.03870967741935484
2 0.44190606355202555 0.768870914855841 0.42795698924731185 0.034408602150537634
2 0.43826064402468534 0.9376519492550447 0.42795698924731185 0.03870967741935484
16 0.5131190651722187 0.20341906002304652 0.44086021505376344 0.07526881720430108
16 0.47177260151695705 0.389136380572157 0.42795698924731185 0.07526881720430108
30 0.42368063701206077 0.8028847922703497 0.3741935483870968 0.060215053763440864
