5 0.7229456216612459 0.2841219999424605 0.07956989247311828 0.08817204301075268
27 0.7283250816225262 0.3767265371706449 0.03655913978494624 0.03655913978494624
27 0.7778097042776192 0.3240128540152654 0.04516129032258064 0.047311827956989246
27 0.7279391113326416 0.19882530743133212 0.12258064516129032 0.13333333333333333
2 0.637091577212599 0.17600319731323916 0.1827956989247312 0.2064516129032258
2 0.7218607522689787 0.24746098460717839 0.18494623655913978 0.2086021505376344
13 0.11504024037367365 0.5375168540465567 0.13118279569892474 0.12258064516129032
13 0.5049112602163544 0.615092346769241 0.12903225806451613 0.13548387096774195
6 0.4249683995985525 0.22040127453764585 0.05161290322580645 0.04516129032258064
6 0.2568930449638046 0.5999823630697934 0.04516129032258064 0.047311827956989246
6 0.1926391374783353 0.6500338104980041 0.047311827956989246 0.053763440860215055
