5 0.5868068354257673 0.23176251490873434 0.05591397849462366 0.047311827956989246 0.006078909079717101
27 0.889105846792018 0.2019682385744285 0.12043010752688173 0.12903225806451613 0.006078909079717101
2 0.7875672536010176 0.18303432747271825 0.18064516129032257 0.2 0.006078909079717101
2 0.8790052008642065 0.24583129437570944 0.17419354838709677 0.1978494623655914 0.006078909079717101
13 0.26655831536587526 0.5402376148376596 0.15268817204301074 0.14408602150537633 0.006078909079717101
13 0.10258071941070454 0.6943601231173242 0.13763440860215054 0.12688172043010754 0.006078909079717101
13 0.4962005618831698 0.7937480182626218 0.12473118279569892 0.13763440860215054 0.006078909079717101
6 0.7774179617132786 0.05430370473462939 0.05161290322580645 0.04946236559139785 0.006078909079717101
6 0.7291046625001616 0.10608411998714383 0.05161290322580645 0.053763440860215055 0.006078909079717101
6 0.6925560517340091 0.1493634122440248 0.05161290322580645 0.05161290322580645 0.006078909079717101
6 0.6527515107454441 0.19429886526572424 0.047311827956989246 0.05161290322580645 0.006078909079717101
