5 0.5275254608822534 0.2717273124470593 0.11827956989247312 0.13333333333333333 0.020773110147568496
2 0.4275795686473115 0.23835529117257998 0.17849462365591398 0.1956989247311828 0.020773110147568496
2 0.4926172525108981 0.32962392882092667 0.17849462365591398 0.1935483870967742 0.020773110147568496
13 0.41065741021810204 0.5157590095900773 0.13118279569892474 0.14408602150537633 0.020773110147568496
13 0.13998875747932876 0.449071383240159 0.13333333333333333 0.13978494623655913 0.020773110147568496
13 0.3026021404886779 0.6983457951819827 0.12688172043010754 0.13548387096774195 0.020773110147568496
13 0.13186490627049366 0.8564826628438849 0.12903225806451613 0.14193548387096774 0.020773110147568496
6 0.3963792066717229 0.14446193109133712 0.05161290322580645 0.04946236559139785 0.020773110147568496
6 0.3715003768841157 0.1725944341213249 0.05161290322580645 0.05591397849462366 0.020773110147568496
6 0.32186155059293936 0.21141110171978622 0.05161290322580645 0.053763440860215055 0.020773110147568496
6 0.2899171920006312 0.26257458349726603 0.04946236559139785 0.05591397849462366 0.020773110147568496
