4 0.38924731182795697 0.3118279569892473 0.05591397849462366 0.047311827956989246
5 0.6817204301075269 0.2903225806451613 0.12258064516129032 0.13333333333333333
2 0.5903225806451613 0.26344086021505375 0.1870967741935484 0.2064516129032258
2 0.6806451612903226 0.32903225806451614 0.1827956989247312 0.2
13 0.45806451612903226 0.6989247311827957 0.12258064516129032 0.13333333333333333
13 0.2924731182795699 0.8817204301075269 0.13763440860215054 0.14623655913978495
6 0.578494623655914 0.14086021505376345 0.053763440860215055 0.053763440860215055
6 0.5376344086021505 0.1870967741935484 0.05161290322580645 0.05591397849462366
6 0.5 0.22795698924731184 0.053763440860215055 0.05591397849462366
6 0.4591397849462366 0.2731182795698925 0.04946236559139785 0.053763440860215055
