3 0.6636956366200332 0.5630612791547537 0.030107526881720432 0.03225806451612903 0.1538381006360704
3 0.8158105242791598 0.4031419585592442 0.01935483870967742 0.021505376344086023 0.1538381006360704
3 0.7574531263622356 0.39127571591224264 0.01935483870967742 0.021505376344086023 0.1538381006360704
3 0.43256282393222223 0.39422626853190873 0.02795698924731183 0.030107526881720432 0.1538381006360704
3 0.5227877821684439 0.1763114585797358 0.008602150537634409 0.021505376344086023 0.1538381006360704
3 0.9162403996601608 0.6126206376210067 0.017204301075268817 0.01935483870967742 0.1538381006360704
3 0.7445533859167006 0.5973068654105222 0.021505376344086023 0.021505376344086023 0.1538381006360704
3 0.7508369822399812 0.3505620700291837 0.034408602150537634 0.03655913978494624 0.1538381006360704
4 0.6880053030415412 0.3742599548302892 0.12043010752688173 0.13333333333333333 0.1538381006360704
4 0.6922634064365389 0.24247131244513911 0.07741935483870968 0.08172043010752689 0.1538381006360704
2 0.5817443211543799 0.3376456417628861 0.1870967741935484 0.2 0.1538381006360704
2 0.6603518673193516 0.4040292130567615 0.17419354838709677 0.2 0.1538381006360704
13 0.6607148569406353 0.8470402114376756 0.14408602150537633 0.15698924731182795 0.1538381006360704
6 0.6020691803546079 0.1506249029862104 0.047311827956989246 0.05161290322580645 0.1538381006360704
6 0.44475974606741153 0.16957537526260752 0.04946236559139785 0.053763440860215055 0.1538381006360704
6 0.2538278190117282 0.6576727463546623 0.053763440860215055 0.053763440860215055 0.1538381006360704
