5 0.8057285920368594 0.15678092156730025 0.04086021505376344 0.034408602150537634
5 0.7883836222473564 0.1678894310437782 0.04086021505376344 0.034408602150537634
5 0.8112688366421605 0.14525149391536815 0.04086021505376344 0.034408602150537634
4 0.8739583526622793 0.11906504967209616 0.10967741935483871 0.08817204301075268
4 0.9552039616947754 0.4091619081614982 0.06451612903225806 0.06451612903225806
4 0.9406279032012282 0.3991006769511664 0.06451612903225806 0.06451612903225806
4 0.9199915102674411 0.3720515250762232 0.07956989247311828 0.08172043010752689
4 0.8610729659847229 0.3310572196562345 0.07956989247311828 0.08172043010752689
4 0.8119543531581364 0.3281848235693245 0.053763440860215055 0.05591397849462366
4 0.7948447195825752 0.3136259381110329 0.05591397849462366 0.05806451612903226
4 0.7176384611391271 0.20443833581962967 0.05161290322580645 0.05806451612903226
4 0.731710140418933 0.21410430376441172 0.04946236559139785 0.05806451612903226
4 0.7478302352988541 0.22581663981307395 0.05161290322580645 0.05806451612903226
4 0.7654486160708829 0.23717932929005106 0.04946236559139785 0.05806451612903226
4 0.8376855602808655 0.582211201416787 0.13118279569892474 0.047311827956989246
4 0.8424903126062874 0.5638394148779408 0.13118279569892474 0.047311827956989246
8 0.5874505795187723 0.5437630943941683 0.2903225806451613 0.08387096774193549
8 0.5929904943811947 0.514703164353906 0.28817204301075267 0.08387096774193549
30 0.7741905625322982 0.9043595331152796 0.043010752688172046 0.11397849462365592
9 0.21994478947231783 0.44838581149051887 0.3311827956989247 0.09462365591397849
9 0.2167195239565454 0.4857313513344941 0.33548387096774196 0.1053763440860215
