5 0.5943904716766616 0.2787344237762019 0.2129032258064516 0.09247311827956989
5 0.08577449268230532 0.06430645325109408 0.015053763440860216 0.030107526881720432
5 0.10070205327932588 0.08543217777405877 0.012903225806451613 0.03225806451612903
5 0.08856545100425783 0.05764351393161615 0.015053763440860216 0.030107526881720432
5 0.06962023361294262 0.0786440387964905 0.012903225806451613 0.030107526881720432
5 0.0656197954928063 0.017256800982857468 0.07741935483870968 0.030107526881720432
4 0.10802945903012891 0.18262116327998035 0.034408602150537634 0.1053763440860215
4 0.12571823425992082 0.5107774977464468 0.07741935483870968 0.27741935483870966
16 0.6486886237530014 0.33026986669205916 0.4021505376344086 0.17419354838709677
0 0.6170588022881809 0.6889037934263242 0.4946236559139785 0.2172043010752688
0 0.6571410701550999 0.7848320608209968 0.4881720430107527 0.21935483870967742
