4 0.3795698924731183 0.3903225806451613 0.13118279569892474 0.17419354838709677
4 0.2 0.2623655913978495 0.25806451612903225 0.35913978494623655
2 0.44623655913978494 0.610752688172043 0.3720430107526882 0.5376344086021505
2 0.33548387096774196 0.35161290322580646 0.2645161290322581 0.3548387096774194
2 0.14946236559139786 0.24301075268817204 0.22795698924731184 0.3311827956989247
2 0.07634408602150537 0.23333333333333334 0.15053763440860216 0.21505376344086022
15 0.21505376344086022 0.635483870967742 0.1956989247311828 0.27741935483870966
10 0.29354838709677417 0.3172043010752688 0.1913978494623656 0.2623655913978495
10 0.3193548387096774 0.7 0.18494623655913978 0.25591397849462366
10 0.4064516129032258 0.7655913978494624 0.18064516129032257 0.25161290322580643
22 0.5258064516129032 0.821505376344086 0.221505376344086 0.30752688172043013
