4 0.3363279905317225 0.19921668015708405 0.06451612903225806 0.12043010752688173 0.026171078566350855
4 0.6875255627394049 0.5203253884405021 0.14838709677419354 0.3010752688172043 0.026171078566350855
4 0.6214215815288349 0.5554736735444938 0.12043010752688173 0.26021505376344084 0.026171078566350855
4 0.4960543878755416 0.6089269744893502 0.14838709677419354 0.3010752688172043 0.026171078566350855
0 0.18078113421172395 0.5668012393765882 0.13118279569892474 0.2731182795698925 0.026171078566350855
18 0.3010978225416872 0.5165545602830866 0.11397849462365592 0.23870967741935484 0.026171078566350855
17 0.5548512455754189 0.5410883899535494 0.11827956989247312 0.24946236559139784 0.026171078566350855
2 0.2373974301364267 0.518850612180747 0.16344086021505377 0.3741935483870968 0.026171078566350855
2 0.6295226090331998 0.5101508343392036 0.16129032258064516 0.3634408602150538 0.026171078566350855
9 0.2292893600745884 0.5981217328305071 0.13118279569892474 0.27956989247311825 0.026171078566350855
9 0.7728460422776043 0.5088498485364541 0.13978494623655913 0.2817204301075269 0.026171078566350855
9 0.7632391108360517 0.47677849771544567 0.12688172043010754 0.2817204301075269 0.026171078566350855
