5 0.9401046308834833 0.9403533295447173 0.08602150537634409 0.034408602150537634
5 0.9198801710680783 0.906629248161833 0.05806451612903226 0.11182795698924732
5 0.2842519248194887 0.9784237295192766 0.09032258064516129 0.04086021505376344
5 0.8652925911491309 0.11080102711896139 0.021505376344086023 0.021505376344086023
5 0.8433658028375343 0.18308832024234664 0.0967741935483871 0.07526881720430108
5 0.8519717511078574 0.09852005665029176 0.015053763440860216 0.012903225806451613
5 0.8410861059792096 0.1571754881106435 0.010752688172043012 0.012903225806451613
5 0.939437872640697 0.03218813328231357 0.010752688172043012 0.012903225806451613
5 0.7803585638074024 0.1792189518916319 0.043010752688172046 0.03655913978494624
5 0.9253664543893275 0.18870100554155134 0.03870967741935484 0.034408602150537634
3 0.8219858651434063 0.23155534047524673 0.021505376344086023 0.021505376344086023
3 0.6810245580943484 0.2556336933461654 0.023655913978494623 0.025806451612903226
4 0.9066709058354903 0.2794176543128687 0.05591397849462366 0.060215053763440864
4 0.7936208084971128 0.22204721017396295 0.053763440860215055 0.05806451612903226
4 0.8105797350534778 0.2739608706395754 0.05591397849462366 0.060215053763440864
4 0.8885708499111157 0.29777810595970455 0.05591397849462366 0.060215053763440864
4 0.9064927508062246 0.2198150876475064 0.053763440860215055 0.05806451612903226
4 0.864525553080799 0.42981382629087783 0.08172043010752689 0.07956989247311828
4 0.9139693586114046 0.3147434319809548 0.053763440860215055 0.05806451612903226
4 0.9361907738026733 0.33207541771175825 0.07956989247311828 0.07956989247311828
5 0.3460467765045252 0.21351360359198274 0.02795698924731183 0.02795698924731183
4 0.1744328524208568 0.27341603224908806 0.10752688172043011 0.11397849462365592
7 0.9303704108276152 0.5088769239347726 0.13118279569892474 0.05161290322580645
7 0.9276759650519081 0.6854851243892807 0.12903225806451613 0.04946236559139785
7 0.8460957927839402 0.48703326478758585 0.12688172043010754 0.04946236559139785
8 0.49554842414451666 0.5877145530689828 0.23655913978494625 0.07311827956989247
17 0.6523707477443683 0.5603073841072783 0.2903225806451613 0.08817204301075268
17 0.5577958312501754 0.583351023587671 0.2924731182795699 0.08387096774193549
9 0.2519921632465568 0.4256271065705003 0.32688172043010755 0.09462365591397849
9 0.2972533729382036 0.4982271748101876 0.3247311827956989 0.09247311827956989
