2 0.3779079711272685 0.4175194745629738 0.02903225806451613 0.8956989247311828 0.06648336285152573
13 0.26042279574774085 0.25974157248275237 0.07311827956989247 0.32903225806451614 0.06648336285152573
13 0.5023929234504899 0.24976520490305543 0.05268817204301075 0.32903225806451614 0.06648336285152573
13 0.535656865063035 0.20079070350177008 0.05268817204301075 0.32903225806451614 0.06648336285152573
13 0.6386984690167123 0.3185282834953689 0.047311827956989246 0.3365591397849462 0.06648336285152573
13 0.6479144979140555 0.2770624247440968 0.04838709677419355 0.3365591397849462 0.06648336285152573
13 0.7442096976909629 0.13821091807346253 0.04838709677419355 0.33763440860215055 0.06648336285152573
13 0.46083002589598715 0.6053149245874652 0.04838709677419355 0.33763440860215055 0.06648336285152573
13 0.547453586528835 0.6794482775857001 0.06236559139784946 0.33978494623655914 0.06648336285152573
13 0.6232019282831666 0.6472304156832447 0.06451612903225806 0.33978494623655914 0.06648336285152573
13 0.6559686905822152 0.6369253357551178 0.06666666666666667 0.35053763440860214 0.06648336285152573
13 0.4310038237167677 0.6370013275044295 0.06236559139784946 0.2924731182795699 0.06648336285152573
