2 0.46144522223398166 0.48961419934380634 0.041935483870967745 0.9602150537634409 0.0026933018824927407
13 0.3498605877328416 0.3366744346177981 0.05053763440860215 0.3419354838709677 0.0026933018824927407
13 0.5525220132730739 0.25853758668572036 0.04838709677419355 0.3365591397849462 0.0026933018824927407
13 0.6030676650218019 0.2841859937433277 0.05698924731182796 0.33763440860215055 0.0026933018824927407
13 0.6662919195479103 0.2612539622468437 0.04838709677419355 0.35161290322580646 0.0026933018824927407
13 0.7235458449233962 0.2745061683315423 0.04838709677419355 0.33763440860215055 0.0026933018824927407
13 0.786505072517098 0.2638834885057533 0.05268817204301075 0.34086021505376346 0.0026933018824927407
13 0.553670415821936 0.6882718845798154 0.054838709677419356 0.3365591397849462 0.0026933018824927407
13 0.6041836018322453 0.7095751078823059 0.05268817204301075 0.33440860215053764 0.0026933018824927407
13 0.7803032238561788 0.7107890344390482 0.06666666666666667 0.36129032258064514 0.0026933018824927407
13 0.7245357209404284 0.7116215627915915 0.06666666666666667 0.35053763440860214 0.0026933018824927407
13 0.6651232797144674 0.7063042070164237 0.06236559139784946 0.2946236559139785 0.0026933018824927407
