3 0.8365591397849462 0.35268817204301073 0.012903225806451613 0.023655913978494623
3 0.9220430107526881 0.32741935483870965 0.024731182795698924 0.05913978494623656
3 0.9220430107526881 0.2682795698924731 0.024731182795698924 0.05913978494623656
3 0.9467741935483871 0.2682795698924731 0.024731182795698924 0.05913978494623656
22 0.9290322580645162 0.5752688172043011 0.11182795698924732 0.3225806451612903
24 0.2838709677419355 0.6010752688172043 0.2129032258064516 0.5655913978494623
24 0.5064516129032258 0.5752688172043011 0.23870967741935484 0.5720430107526882
24 0.7602150537634409 0.5989247311827957 0.221505376344086 0.5591397849462365
2 0.38763440860215054 0.34408602150537637 0.016129032258064516 0.2903225806451613
2 0.8704301075268818 0.3349462365591398 0.01827956989247312 0.3021505376344086
