3 0.5731182795698925 0.16236559139784945 0.02795698924731183 0.030107526881720432
3 0.5580645161290323 0.14731182795698924 0.02795698924731183 0.030107526881720432
3 0.535483870967742 0.12903225806451613 0.02795698924731183 0.030107526881720432
3 0.5182795698924731 0.11612903225806452 0.023655913978494623 0.025806451612903226
5 0.6978494623655914 0.44623655913978494 0.05161290322580645 0.05806451612903226
5 0.6075268817204301 0.546236559139785 0.047311827956989246 0.05806451612903226
5 0.546236559139785 0.6204301075268818 0.06881720430107527 0.07096774193548387
5 0.07634408602150537 0.44086021505376344 0.11182795698924732 0.09462365591397849
6 0.44193548387096776 0.11290322580645161 0.0989247311827957 0.1053763440860215
6 0.36236559139784946 0.2032258064516129 0.0989247311827957 0.10752688172043011
6 0.2913978494623656 0.28279569892473116 0.0967741935483871 0.1032258064516129
6 0.210752688172043 0.36989247311827955 0.0989247311827957 0.10752688172043011
2 0.46774193548387094 0.34408602150537637 0.35268817204301073 0.3978494623655914
2 0.6290322580645161 0.47956989247311826 0.35268817204301073 0.3978494623655914
30 0.635483870967742 0.3989247311827957 0.24516129032258063 0.2623655913978495
