3 0.9221653688958121 0.3975358333293688 0.03870967741935484 0.043010752688172046 0.030889605455657436
3 0.8661019088320187 0.40933230048659486 0.03870967741935484 0.03870967741935484 0.030889605455657436
3 0.8830818174362461 0.37175528488979714 0.03655913978494624 0.03655913978494624 0.030889605455657436
3 0.8369271602835257 0.38882179460591704 0.03870967741935484 0.03870967741935484 0.030889605455657436
5 0.7786127255521508 0.3676526245671187 0.060215053763440864 0.06236559139784946 0.030889605455657436
5 0.5063739906819082 0.558155203298238 0.05591397849462366 0.05806451612903226 0.030889605455657436
5 0.46797634722816167 0.5593094268833648 0.053763440860215055 0.05591397849462366 0.030889605455657436
4 0.6454245588350306 0.49478749985645304 0.14623655913978495 0.16129032258064516 0.030889605455657436
6 0.07693662923233074 0.4516834107652362 0.10752688172043011 0.10752688172043011 0.030889605455657436
6 0.36985079530312404 0.20385309835799936 0.1053763440860215 0.1032258064516129 0.030889605455657436
6 0.4708834961224598 0.10121537054409342 0.0989247311827957 0.10967741935483871 0.030889605455657436
2 0.47676617418185485 0.3587855262510431 0.35268817204301073 0.3956989247311828 0.030889605455657436
2 0.6445851926903151 0.48579212556278845 0.3548387096774194 0.4 0.030889605455657436
30 0.6743108225741046 0.3883152673532294 0.23225806451612904 0.26666666666666666 0.030889605455657436
