6 0.36787503746901185 0.2657486597588836 0.1010752688172043 0.1053763440860215 0.0458135622645244
6 0.42193591742025577 0.19160573314950022 0.0989247311827957 0.1032258064516129 0.0458135622645244
5 0.49120518089276793 0.7013070046258177 0.053763440860215055 0.05806451612903226 0.0458135622645244
5 0.44917621105935523 0.6739587101876887 0.05591397849462366 0.06236559139784946 0.0458135622645244
3 0.7924207970882401 0.45564561786418933 0.03655913978494624 0.03870967741935484 0.0458135622645244
3 0.8088228773536492 0.4516473141122688 0.03655913978494624 0.04086021505376344 0.0458135622645244
3 0.791366912229648 0.4426277758601982 0.03870967741935484 0.04086021505376344 0.0458135622645244
3 0.7548979540594342 0.45569167716557735 0.06236559139784946 0.06666666666666667 0.0458135622645244
6 0.39422915131618574 0.32110378864941846 0.0989247311827957 0.1010752688172043 0.0458135622645244
6 0.35405645722575035 0.2580682883851674 0.0989247311827957 0.11397849462365592 0.0458135622645244
2 0.43891039105382657 0.4224716143618958 0.35268817204301073 0.3978494623655914 0.0458135622645244
2 0.6810304205071708 0.5308891040345495 0.35268817204301073 0.3978494623655914 0.0458135622645244
30 0.5903842527959524 0.4893645617901235 0.24086021505376345 0.26021505376344084 0.0458135622645244
