5 0.4579284025559655 0.6092531857180044 0.03870967741935484 0.03870967741935484
5 0.47508217594259466 0.6196046850285613 0.07956989247311828 0.08817204301075268
5 0.3634265550799417 0.5129147665296031 0.07741935483870968 0.08602150537634409
5 0.0744482694128416 0.44048213270506353 0.11182795698924732 0.09247311827956989
5 0.8170847972157785 0.555907173469344 0.060215053763440864 0.06236559139784946
5 0.8698007902877887 0.4954649146785398 0.060215053763440864 0.06236559139784946
5 0.7231589194215687 0.43807706891067133 0.15053763440860216 0.16344086021505377
6 0.44928432675679014 0.10951426894573434 0.0967741935483871 0.1032258064516129
6 0.36888175581325316 0.19385851500493773 0.08817204301075268 0.0989247311827957
6 0.29596291947197734 0.28271735905069 0.09247311827956989 0.0989247311827957
6 0.2151984991563137 0.36932729433537587 0.0967741935483871 0.1053763440860215
6 0.25114780140839876 0.3979501683684266 0.09247311827956989 0.10752688172043011
2 0.4644562398721247 0.35624784919520347 0.33763440860215055 0.3956989247311828
2 0.6335440186937978 0.48197194943828964 0.35698924731182796 0.3978494623655914
30 0.6524077851477325 0.38701084688826126 0.23440860215053763 0.25591397849462366
