4 0.7440860215053764 0.24301075268817204 0.023655913978494623 0.023655913978494623
4 0.7473118279569892 0.2989247311827957 0.043010752688172046 0.034408602150537634
4 0.7612903225806451 0.28279569892473116 0.04086021505376344 0.034408602150537634
4 0.943010752688172 0.33225806451612905 0.11182795698924732 0.08817204301075268
4 0.8333333333333334 0.25161290322580643 0.1032258064516129 0.08172043010752689
4 0.6161290322580645 0.3709677419354839 0.01935483870967742 0.021505376344086023
4 0.632258064516129 0.3860215053763441 0.021505376344086023 0.023655913978494623
4 0.6397849462365591 0.38924731182795697 0.01935483870967742 0.021505376344086023
4 0.646236559139785 0.3913978494623656 0.01935483870967742 0.021505376344086023
7 0.7344086021505376 0.37526881720430105 0.04946236559139785 0.053763440860215055
7 0.6774193548387096 0.33225806451612905 0.047311827956989246 0.05161290322580645
7 0.6903225806451613 0.34301075268817205 0.05161290322580645 0.05591397849462366
7 0.7075268817204301 0.35376344086021505 0.053763440860215055 0.05806451612903226
7 0.7225806451612903 0.36451612903225805 0.05161290322580645 0.05591397849462366
7 0.8741935483870967 0.5043010752688172 0.07526881720430108 0.07956989247311828
7 0.9096774193548387 0.5397849462365591 0.06666666666666667 0.06881720430107527
7 0.896774193548387 0.5279569892473118 0.06451612903225806 0.06666666666666667
7 0.7537634408602151 0.44623655913978494 0.053763440860215055 0.05591397849462366
7 0.7698924731182796 0.45806451612903226 0.05161290322580645 0.053763440860215055
7 0.8161290322580645 0.4612903225806452 0.07526881720430108 0.07956989247311828
7 0.8333333333333334 0.46881720430107526 0.07526881720430108 0.07956989247311828
30 0.31290322580645163 0.2161290322580645 0.09247311827956989 0.09032258064516129
7 0.8 0.6913978494623656 0.12043010752688173 0.047311827956989246
7 0.7967741935483871 0.7118279569892473 0.11827956989247312 0.047311827956989246
8 0.567741935483871 0.6473118279569893 0.23870967741935484 0.07096774193548387
8 0.5602150537634408 0.6720430107526881 0.23655913978494625 0.06881720430107527
18 0.17204301075268819 0.6010752688172043 0.2752688172043011 0.07741935483870968
17 0.17096774193548386 0.5709677419354838 0.2860215053763441 0.08387096774193549
