3 0.9718761047841815 0.6456505864205084 0.025806451612903226 0.02795698924731183 0.05947471802771662
8 0.5208254732620474 0.6570235658398424 0.33978494623655914 0.1010752688172043 0.05947471802771662
4 0.060696733055233286 0.4575768814549255 0.11397849462365592 0.11612903225806452 0.05947471802771662
3 0.6428261615337499 0.20819379118024545 0.012903225806451613 0.015053763440860216 0.05947471802771662
3 0.6979669163608745 0.17651558811427817 0.015053763440860216 0.015053763440860216 0.05947471802771662
3 0.6110350616100012 0.3026740632801777 0.01935483870967742 0.021505376344086023 0.05947471802771662
7 0.7747028749949512 0.657310404278082 0.11827956989247312 0.04516129032258064 0.05947471802771662
4 0.748848009590961 0.2610097693721695 0.03870967741935484 0.03225806451612903 0.05947471802771662
4 0.7083002942829967 0.26958744184166955 0.023655913978494623 0.025806451612903226 0.05947471802771662
4 0.7560123960665924 0.24900046798281156 0.04086021505376344 0.034408602150537634 0.05947471802771662
4 0.743157479176185 0.26903580211021044 0.04086021505376344 0.03225806451612903 0.05947471802771662
4 0.9633377213048864 0.20516674214414876 0.0989247311827957 0.08172043010752689 0.05947471802771662
3 0.5809113359518205 0.3513824990831475 0.023655913978494623 0.025806451612903226 0.05947471802771662
7 0.7201488391126716 0.30257721727132003 0.05161290322580645 0.05161290322580645 0.05947471802771662
7 0.7118347085646995 0.28047078697775035 0.05591397849462366 0.05591397849462366 0.05947471802771662
7 0.7927186844474461 0.38992434077927773 0.05806451612903226 0.06236559139784946 0.05947471802771662
7 0.7366703384484289 0.25105535347062025 0.053763440860215055 0.05806451612903226 0.05947471802771662
7 0.8583014746757315 0.5621397550335612 0.06666666666666667 0.06881720430107527 0.05947471802771662
7 0.8881572434286109 0.4043660480097611 0.07526881720430108 0.08172043010752689 0.05947471802771662
7 0.9456208255695623 0.4991216714199639 0.07526881720430108 0.07956989247311828 0.05947471802771662
7 0.7734991306248828 0.3890847442918897 0.05591397849462366 0.05806451612903226 0.05947471802771662
7 0.8061919242924537 0.4065275737817832 0.05161290322580645 0.05591397849462366 0.05947471802771662
7 0.7992219673530481 0.4282862049574837 0.07741935483870968 0.08172043010752689 0.05947471802771662
7 0.8042847847402007 0.4439658632535758 0.07956989247311828 0.08387096774193549 0.05947471802771662
7 0.8482512363220545 0.6980506535201265 0.12258064516129032 0.047311827956989246 0.05947471802771662
7 0.7775350605740908 0.6100323188657494 0.12043010752688173 0.047311827956989246 0.05947471802771662
17 0.16647688022995238 0.5212201861483079 0.2924731182795699 0.08172043010752689 0.05947471802771662
17 0.5401090777132647 0.6654195084726533 0.2903225806451613 0.09032258064516129 0.05947471802771662
18 0.5073640191250994 0.6583134234351062 0.27956989247311825 0.08817204301075268 0.05947471802771662
