5 0.5946236559139785 0.2817204301075269 0.015053763440860216 0.043010752688172046
5 0.5838709677419355 0.28817204301075267 0.012903225806451613 0.034408602150537634
5 0.5741935483870968 0.289247311827957 0.012903225806451613 0.034408602150537634
5 0.5634408602150538 0.289247311827957 0.012903225806451613 0.03870967741935484
4 0.5559139784946237 0.23333333333333334 0.07526881720430108 0.02795698924731183
4 0.5440860215053763 0.25483870967741934 0.08172043010752689 0.030107526881720432
4 0.410752688172043 0.24086021505376345 0.07956989247311828 0.021505376344086023
4 0.41397849462365593 0.26021505376344084 0.07741935483870968 0.01935483870967742
7 0.6161290322580645 0.5236559139784946 0.034408602150537634 0.0967741935483871
23 0.6301075268817204 0.6903225806451613 0.05161290322580645 0.2086021505376344
4 0.5967741935483871 0.3989247311827957 0.04086021505376344 0.12688172043010754
18 0.16989247311827957 0.24301075268817204 0.14623655913978495 0.23655913978494625
