8 0.5344086021505376 0.6666666666666666 0.24731182795698925 0.06881720430107527
8 0.5279569892473118 0.6913978494623656 0.24731182795698925 0.07311827956989247
4 0.05806451612903226 0.4870967741935484 0.11397849462365592 0.11827956989247312
3 0.7043010752688172 0.2860215053763441 0.015053763440860216 0.015053763440860216
3 0.6913978494623656 0.2989247311827957 0.017204301075268817 0.015053763440860216
3 0.6086021505376344 0.4118279569892473 0.017204301075268817 0.01935483870967742
7 0.7634408602150538 0.7537634408602151 0.12043010752688173 0.047311827956989246
5 0.7096774193548387 0.32688172043010755 0.04086021505376344 0.034408602150537634
5 0.7172043010752688 0.26666666666666666 0.025806451612903226 0.025806451612903226
5 0.7172043010752688 0.31827956989247314 0.04086021505376344 0.03225806451612903
5 0.7333333333333333 0.30752688172043013 0.043010752688172046 0.034408602150537634
4 0.8021505376344086 0.27204301075268816 0.11612903225806452 0.09462365591397849
3 0.6010752688172043 0.40860215053763443 0.01935483870967742 0.021505376344086023
7 0.6430107526881721 0.35591397849462364 0.05161290322580645 0.05161290322580645
7 0.6591397849462366 0.36666666666666664 0.05806451612903226 0.05806451612903226
7 0.6752688172043011 0.3763440860215054 0.05161290322580645 0.05591397849462366
7 0.6903225806451613 0.3913978494623656 0.053763440860215055 0.05806451612903226
7 0.8494623655913979 0.5268817204301075 0.07741935483870968 0.08172043010752689
7 0.8881720430107527 0.5591397849462365 0.07526881720430108 0.07956989247311828
7 0.8688172043010752 0.5516129032258065 0.06451612903225806 0.06666666666666667
7 0.7860215053763441 0.4817204301075269 0.08172043010752689 0.07956989247311828
7 0.7741935483870968 0.7150537634408602 0.12473118279569892 0.047311827956989246
7 0.7677419354838709 0.7344086021505376 0.12043010752688173 0.04946236559139785
18 0.14731182795698924 0.5935483870967742 0.2838709677419355 0.07956989247311828
30 0.2924731182795699 0.22903225806451613 0.1032258064516129 0.1032258064516129
