7 0.8666666666666667 0.6086021505376344 0.07741935483870968 0.08172043010752689
7 0.9064516129032258 0.6408602150537634 0.07526881720430108 0.07956989247311828
7 0.889247311827957 0.632258064516129 0.06451612903225806 0.06666666666666667
7 0.7924731182795699 0.7956989247311828 0.11827956989247312 0.04516129032258064
7 0.789247311827957 0.8150537634408602 0.12258064516129032 0.047311827956989246
8 0.5505376344086022 0.7505376344086021 0.24086021505376345 0.07096774193548387
8 0.546236559139785 0.7752688172043011 0.24301075268817204 0.07096774193548387
7 0.8064516129032258 0.5645161290322581 0.07956989247311828 0.07956989247311828
4 0.7290322580645161 0.40860215053763443 0.04086021505376344 0.03225806451612903
4 0.7526881720430108 0.3881720430107527 0.04086021505376344 0.034408602150537634
4 0.8236559139784946 0.36129032258064514 0.1053763440860215 0.08387096774193549
7 0.6935483870967742 0.4612903225806452 0.053763440860215055 0.05806451612903226
7 0.6645161290322581 0.43870967741935485 0.04946236559139785 0.053763440860215055
7 0.6774193548387096 0.4483870967741935 0.04946236559139785 0.053763440860215055
7 0.7827956989247312 0.8333333333333334 0.12258064516129032 0.04516129032258064
18 0.16451612903225807 0.6752688172043011 0.2860215053763441 0.07956989247311828
30 0.310752688172043 0.310752688172043 0.1032258064516129 0.1032258064516129
