4 0.631168893984005 0.9769306127120727 0.04516129032258064 0.10752688172043011 0.06754904740424388
23 0.6972263611069295 0.6891500272447781 0.12473118279569892 0.4150537634408602 0.06754904740424388
23 0.22214442609959595 0.2192642083870146 0.17634408602150536 0.41935483870967744 0.06754904740424388
4 0.12428677748659908 0.6599839647109389 0.13763440860215054 0.06236559139784946 0.06754904740424388
4 0.23763854490389472 0.5149862872151262 0.12473118279569892 0.04946236559139785 0.06754904740424388
4 0.02587250569548253 0.6426480256339805 0.14838709677419354 0.053763440860215055 0.06754904740424388
4 0.09711784725238548 0.5202353549686131 0.2946236559139785 0.07526881720430108 0.06754904740424388
4 0.14287550282561584 0.5817562873627623 0.2731182795698925 0.08172043010752689 0.06754904740424388
4 0.7072885720354302 0.6080718910180861 0.2 0.07741935483870968 0.06754904740424388
13 0.5171390570823716 0.5188615741215737 0.3548387096774194 0.0967741935483871 0.06754904740424388
13 0.5335692804391182 0.5267520305975582 0.34408602150537637 0.1032258064516129 0.06754904740424388
13 0.4790276279721134 0.6225710325597619 0.34623655913978496 0.10752688172043011 0.06754904740424388
