4 0.5418417791553026 0.9959953367169634 0.12043010752688173 0.08387096774193549 0.0797311151759704
4 0.4337368544160579 0.948919957981323 0.11397849462365592 0.07741935483870968 0.0797311151759704
4 0.49138001043096147 0.9513553131940432 0.11397849462365592 0.07741935483870968 0.0797311151759704
4 0.4987837935696686 0.917396138235061 0.15913978494623657 0.1053763440860215 0.0797311151759704
4 0.466475352486248 0.8563577592179998 0.16989247311827957 0.11397849462365592 0.0797311151759704
4 0.6602243395240667 0.651660478672261 0.3763440860215054 0.3032258064516129 0.0797311151759704
26 0.1122248383669008 0.12832372783489993 0.24301075268817204 0.18387096774193548 0.0797311151759704
4 0.4279464075933853 0.5700185316069418 0.2903225806451613 0.23225806451612904 0.0797311151759704
23 0.4174239815279887 0.2789351309682214 0.3419354838709677 0.25161290322580643 0.0797311151759704
23 0.36770480292108754 0.3081706008742539 0.33978494623655914 0.24946236559139784 0.0797311151759704
23 0.2503591517219569 0.16616865316120707 0.22365591397849463 0.18494623655913978 0.0797311151759704
