4 0.8988293501729757 0.39626627924762164 0.09032258064516129 0.23655913978494625 0.002475270484871492
4 0.840134771720761 0.41031029585824197 0.060215053763440864 0.26666666666666666 0.002475270484871492
4 0.4603187336969388 0.28552932151743654 0.08172043010752689 0.17419354838709677 0.002475270484871492
4 0.4139954311605904 0.2980239433400616 0.060215053763440864 0.1870967741935484 0.002475270484871492
4 0.3563684244465104 0.2621513198018039 0.06236559139784946 0.13978494623655913 0.002475270484871492
4 0.30560829976826637 0.25840446502494263 0.06236559139784946 0.14623655913978495 0.002475270484871492
4 0.22245065424625168 0.19123909424133323 0.13118279569892474 0.04946236559139785 0.002475270484871492
4 0.21535262390458923 0.22099560664445664 0.13333333333333333 0.05161290322580645 0.002475270484871492
4 0.21256332539267253 0.2629427074278672 0.13118279569892474 0.05806451612903226 0.002475270484871492
4 0.20042470202122917 0.30896930915908993 0.14623655913978495 0.07311827956989247 0.002475270484871492
26 0.5906474761098522 0.4253451974518675 0.11182795698924732 0.37849462365591396 0.002475270484871492
45 0.9459419387525956 0.45066469135809095 0.06774193548387097 0.32903225806451614 0.002475270484871492
47 0.7725774495505564 0.48744290467829887 0.10752688172043011 0.45806451612903226 0.002475270484871492
