30 0.9655913978494624 0.3247311827956989 0.06666666666666667 0.06236559139784946
30 0.8451612903225807 0.9344086021505377 0.07311827956989247 0.07526881720430108
30 0.7989247311827957 0.6655913978494624 0.07526881720430108 0.043010752688172046
30 0.7387096774193549 0.3989247311827957 0.07526881720430108 0.053763440860215055
30 0.8462365591397849 0.45268817204301076 0.08172043010752689 0.05806451612903226
30 0.04516129032258064 0.9494623655913978 0.07741935483870968 0.07741935483870968
30 0.1956989247311828 0.7827956989247312 0.07956989247311828 0.07096774193548387
30 0.3258064516129032 0.6709677419354839 0.07741935483870968 0.06881720430107527
30 0.43333333333333335 0.6451612903225806 0.07526881720430108 0.06666666666666667
30 0.43548387096774194 0.7924731182795699 0.1935483870967742 0.14408602150537633
30 0.5311827956989247 0.624731182795699 0.12473118279569892 0.1032258064516129
23 0.535483870967742 0.4064516129032258 0.2021505376344086 0.15913978494623657
47 0.23655913978494625 0.6483870967741936 0.36774193548387096 0.3204301075268817
