27 0.2967741935483871 0.07526881720430108 0.04086021505376344 0.034408602150537634
4 0.35053763440860214 0.7838709677419354 0.08817204301075268 0.10967741935483871
26 0.1978494623655914 0.47096774193548385 0.2 0.24516129032258063
2 0.5602150537634408 0.5505376344086022 0.5655913978494623 0.7612903225806451
13 0.24193548387096775 0.5193548387096775 0.0989247311827957 0.12258064516129032
13 0.12150537634408602 0.6849462365591398 0.1010752688172043 0.12688172043010754
19 0.7172043010752688 0.4559139784946237 0.3741935483870968 0.45806451612903226
9 0.8956989247311828 0.6516129032258065 0.2064516129032258 0.2752688172043011
9 0.7010752688172043 0.28817204301075267 0.2086021505376344 0.2731182795698925
9 0.6731182795698925 0.2645161290322581 0.210752688172043 0.2645161290322581
