23 0.37406284720767286 0.8101737241621552 0.2021505376344086 0.15268817204301074 0.03595100463513104
27 0.8241828350890161 0.15811656681712669 0.04516129032258064 0.043010752688172046 0.03595100463513104
30 0.5075338947643466 0.09852412807031737 0.08602150537634409 0.08387096774193549 0.03595100463513104
30 0.17131215210596185 0.41219932603544557 0.09462365591397849 0.08172043010752689 0.03595100463513104
30 0.5706767065365355 0.3112611955581064 0.05591397849462366 0.05161290322580645 0.03595100463513104
30 0.644475530731141 0.4187743250172879 0.08172043010752689 0.07311827956989247 0.03595100463513104
30 0.7613254678515939 0.35092840652764296 0.0967741935483871 0.08817204301075268 0.03595100463513104
30 0.8680658785176423 0.11248370455773954 0.11827956989247312 0.12473118279569892 0.03595100463513104
30 0.6202258247339284 0.30070260945625205 0.17634408602150536 0.17419354838709677 0.03595100463513104
30 0.3942240957111149 0.5466873612024891 0.09247311827956989 0.08172043010752689 0.03595100463513104
30 0.25192568513664715 0.617634966278184 0.10752688172043011 0.09462365591397849 0.03595100463513104
30 0.2968676376836488 0.6893158101747283 0.15913978494623657 0.12688172043010754 0.03595100463513104
30 0.3065771654244595 0.5433339656452747 0.16774193548387098 0.14623655913978495 0.03595100463513104
47 0.7003283228786484 0.5842302382386947 0.36774193548387096 0.3053763440860215 0.03595100463513104
