3 0.17204301075268819 0.5634408602150538 0.008602150537634409 0.021505376344086023
3 0.2064516129032258 0.5645161290322581 0.017204301075268817 0.01935483870967742
3 0.2 0.5806451612903226 0.017204301075268817 0.01935483870967742
3 0.1956989247311828 0.5989247311827957 0.010752688172043012 0.017204301075268817
3 0.17419354838709677 0.6591397849462366 0.015053763440860216 0.021505376344086023
3 0.22258064516129034 0.6161290322580645 0.015053763440860216 0.021505376344086023
3 0.2118279569892473 0.613978494623656 0.012903225806451613 0.01935483870967742
3 0.23333333333333334 0.6182795698924731 0.017204301075268817 0.021505376344086023
3 0.22580645161290322 0.6419354838709678 0.01935483870967742 0.021505376344086023
3 0.21505376344086022 0.6408602150537634 0.017204301075268817 0.021505376344086023
3 0.20430107526881722 0.6376344086021506 0.015053763440860216 0.01935483870967742
3 0.2086021505376344 0.6666666666666666 0.01935483870967742 0.030107526881720432
3 0.1956989247311828 0.6645161290322581 0.017204301075268817 0.02795698924731183
5 0.23010752688172043 0.5989247311827957 0.034408602150537634 0.008602150537634409
5 0.23225806451612904 0.589247311827957 0.034408602150537634 0.008602150537634409
5 0.23548387096774193 0.5806451612903226 0.03655913978494624 0.008602150537634409
5 0.24086021505376345 0.5720430107526882 0.03870967741935484 0.008602150537634409
4 0.14301075268817204 0.9387096774193548 0.0967741935483871 0.11827956989247312
6 0.26344086021505375 0.40860215053763443 0.05806451612903226 0.060215053763440864
10 0.7193548387096774 0.8526881720430107 0.25591397849462366 0.24301075268817204
11 0.4032258064516129 0.5827956989247312 0.3161290322580645 0.3118279569892473
