4 0.16559139784946236 0.3150537634408602 0.06881720430107527 0.015053763440860216
4 0.16666666666666666 0.3032258064516129 0.06666666666666667 0.015053763440860216
4 0.0967741935483871 0.41397849462365593 0.05806451612903226 0.047311827956989246
4 0.1043010752688172 0.4043010752688172 0.05806451612903226 0.047311827956989246
30 0.7365591397849462 0.6806451612903226 0.08602150537634409 0.07741935483870968
30 0.4924731182795699 0.8387096774193549 0.07741935483870968 0.06451612903225806
30 0.42795698924731185 0.9376344086021505 0.1010752688172043 0.08602150537634409
30 0.8516129032258064 0.2752688172043011 0.12688172043010754 0.10967741935483871
30 0.37311827956989246 0.7043010752688172 0.08602150537634409 0.07526881720430108
30 0.8354838709677419 0.1913978494623656 0.0967741935483871 0.09032258064516129
30 0.2752688172043011 0.6612903225806451 0.08602150537634409 0.09462365591397849
30 0.13333333333333333 0.7623655913978494 0.07956989247311828 0.07096774193548387
30 0.4344086021505376 0.532258064516129 0.08387096774193549 0.07526881720430108
30 0.1010752688172043 0.8870967741935484 0.07526881720430108 0.07956989247311828
31 0.5236559139784946 0.6182795698924731 0.11397849462365592 0.10752688172043011
31 0.886021505376344 0.521505376344086 0.10752688172043011 0.09247311827956989
44 0.1956989247311828 0.5645161290322581 0.1913978494623656 0.1913978494623656
44 0.22043010752688172 0.5827956989247312 0.1913978494623656 0.18494623655913978
47 0.5559139784946237 0.2645161290322581 0.36129032258064514 0.3333333333333333
