4 0.8268817204301075 0.9666666666666667 0.05591397849462366 0.06666666666666667
4 0.5946236559139785 0.8161290322580645 0.08387096774193549 0.10752688172043011
4 0.32688172043010755 0.5655913978494623 0.08172043010752689 0.1032258064516129
8 0.25591397849462366 0.4505376344086022 0.15483870967741936 0.2021505376344086
8 0.2731182795698925 0.47956989247311826 0.15483870967741936 0.1978494623655914
8 0.289247311827957 0.5129032258064516 0.15053763440860216 0.1913978494623656
26 0.13010752688172042 0.2021505376344086 0.18924731182795698 0.24086021505376345
0 0.4698924731182796 0.3795698924731183 0.1913978494623656 0.24731182795698925
8 0.6010752688172043 0.6956989247311828 0.1956989247311828 0.2537634408602151
18 0.45806451612903226 0.27741935483870966 0.17419354838709677 0.23655913978494625
18 0.5795698924731183 0.6709677419354839 0.18064516129032257 0.23655913978494625
2 0.7204301075268817 0.5881720430107527 0.4838709677419355 0.6602150537634408
2 0.3881720430107527 0.432258064516129 0.33978494623655914 0.4559139784946237
19 0.8258064516129032 0.5301075268817205 0.2903225806451613 0.36774193548387096
9 0.8365591397849462 0.36989247311827955 0.2086021505376344 0.2838709677419355
9 0.8096774193548387 0.3419354838709677 0.210752688172043 0.2817204301075269
