27 0.7800045361009121 0.8390839495017139 0.047311827956989246 0.04946236559139785
30 0.651896055496538 0.1946893496306867 0.08172043010752689 0.08602150537634409
30 0.9278343671959935 0.5130546823483206 0.08172043010752689 0.07956989247311828
30 0.7073212612027109 0.5697877770340123 0.04516129032258064 0.05161290322580645
30 0.7985439313835593 0.8997809749564658 0.12258064516129032 0.11612903225806452
30 0.7162413076838539 0.6796646057300744 0.17204301075268819 0.17419354838709677
30 0.6302798827527296 0.7680745716142396 0.07956989247311828 0.09032258064516129
30 0.520581085165117 0.6397269220728851 0.07526881720430108 0.08602150537634409
30 0.4294525232859607 0.4016183239242814 0.08172043010752689 0.09247311827956989
30 0.4537207606219977 0.28541254684989925 0.14408602150537633 0.17204301075268819
30 0.3553900524863453 0.26541977490658747 0.0967741935483871 0.10967741935483871
30 0.3413364951137333 0.3018359911139085 0.12903225806451613 0.16559139784946236
23 0.19363790846269235 0.38714046624210424 0.15053763440860216 0.20430107526881722
47 0.42676308886738434 0.6646368340124043 0.3010752688172043 0.36129032258064514
