30 0.684364839336284 0.9634259242251424 0.06666666666666667 0.06666666666666667 0.0055963188467133135
30 0.06994200302984017 0.8455344497050982 0.07096774193548387 0.07741935483870968 0.0055963188467133135
30 0.3328311285444838 0.8002575217913449 0.053763440860215055 0.07741935483870968 0.0055963188467133135
30 0.5511395324275172 0.84974109310288 0.05806451612903226 0.07956989247311828 0.0055963188467133135
30 0.5988264664819568 0.741265594192216 0.05591397849462366 0.06666666666666667 0.0055963188467133135
30 0.05473637117514823 0.04656912262656217 0.07741935483870968 0.08387096774193549 0.0055963188467133135
30 0.21983901041843665 0.19323701283763978 0.07526881720430108 0.08172043010752689 0.0055963188467133135
30 0.33202526441192 0.32551269221083184 0.07311827956989247 0.07956989247311828 0.0055963188467133135
30 0.3560900313875786 0.4352574517732891 0.07311827956989247 0.07956989247311828 0.0055963188467133135
30 0.38065930553206134 0.5323877818796305 0.1032258064516129 0.12903225806451613 0.0055963188467133135
30 0.2086935052043035 0.43717806233999773 0.14193548387096774 0.18924731182795698 0.0055963188467133135
23 0.5807484658576072 0.5376999754796897 0.15483870967741936 0.2064516129032258 0.0055963188467133135
47 0.35048627743304317 0.22959628868504728 0.3204301075268817 0.36774193548387096 0.0055963188467133135
