23 0.49727583572441203 0.8863001914203695 0.08602150537634409 0.11397849462365592 0.003513304655985816
23 0.2480125137261312 0.6542187384377968 0.08172043010752689 0.1053763440860215 0.003513304655985816
23 0.23708284514444983 0.6374712417137602 0.07741935483870968 0.1032258064516129 0.003513304655985816
8 0.4041580190438436 0.40356563201543927 0.14838709677419354 0.2 0.003513304655985816
26 0.2040485648816351 0.5741036226514611 0.15483870967741936 0.1913978494623656 0.003513304655985816
0 0.4707117312305576 0.7312457123412593 0.1956989247311828 0.24086021505376345 0.003513304655985816
26 0.49016139682398596 0.7821570584054456 0.2086021505376344 0.25806451612903225 0.003513304655985816
18 0.3673878722684452 0.3416306190192736 0.17849462365591398 0.24086021505376345 0.003513304655985816
2 0.6244453042442434 0.658582346917106 0.4731182795698925 0.6623655913978495 0.003513304655985816
2 0.3021230158875604 0.496798257828029 0.3204301075268817 0.44086021505376344 0.003513304655985816
13 0.10339254437548921 0.30323527511774234 0.1053763440860215 0.14623655913978495 0.003513304655985816
13 0.04340906257750811 0.7224545845223428 0.08172043010752689 0.11612903225806452 0.003513304655985816
19 0.7540359203787671 0.5630504111346216 0.2924731182795699 0.36129032258064514 0.003513304655985816
21 0.7243292071495598 0.44986744433838166 0.23225806451612904 0.3053763440860215 0.003513304655985816
