4 0.535483870967742 0.821505376344086 0.08172043010752689 0.1032258064516129
4 0.5220430107526882 0.806989247311828 0.08064516129032258 0.10215053763440861
4 0.6897849462365592 0.27204301075268816 0.026881720430107527 0.06881720430107527
18 0.8258064516129032 0.2021505376344086 0.18064516129032257 0.22580645161290322
2 0.6801075268817204 0.5279569892473118 0.5645161290322581 0.7591397849462366
2 0.2075268817204301 0.6672043010752688 0.4129032258064516 0.5559139784946237
13 0.3021505376344086 0.921505376344086 0.08172043010752689 0.11827956989247312
13 0.23817204301075268 0.6709677419354839 0.08494623655913978 0.12043010752688173
13 0.1521505376344086 0.6553763440860215 0.08494623655913978 0.12795698924731183
13 0.1650537634408602 0.6758064516129032 0.08279569892473118 0.11935483870967742
13 0.08602150537634409 0.8881720430107527 0.1053763440860215 0.15053763440860216
19 0.8129032258064516 0.45161290322580644 0.3634408602150538 0.45806451612903226
38 0.3161290322580645 0.44516129032258067 0.1827956989247312 0.23870967741935484
21 0.8408602150537634 0.23333333333333334 0.14408602150537633 0.1827956989247312
9 0.5177419354838709 0.6860215053763441 0.20967741935483872 0.2709677419354839
9 0.4908602150537634 0.6580645161290323 0.2075268817204301 0.2731182795698925
