4 0.904182782929571 0.21629925202603587 0.06236559139784946 0.13548387096774195 0.050779107577603844
4 0.7769782459297134 0.2724573316514588 0.060215053763440864 0.13548387096774195 0.050779107577603844
4 0.7362522531348433 0.21213224891264984 0.06236559139784946 0.13548387096774195 0.050779107577603844
4 0.7021531302986496 0.21270395655121424 0.07311827956989247 0.15053763440860216 0.050779107577603844
4 0.6840215323044447 0.31340911983857184 0.14623655913978495 0.06666666666666667 0.050779107577603844
4 0.7536188283766442 0.3775803420422696 0.14408602150537633 0.06666666666666667 0.050779107577603844
4 0.6906575469126518 0.43427371034294104 0.1978494623655914 0.060215053763440864 0.050779107577603844
4 0.5379383799748741 0.8269261050466509 0.26666666666666666 0.05806451612903226 0.050779107577603844
4 0.6070505726043418 0.8914277712691607 0.22795698924731184 0.06666666666666667 0.050779107577603844
4 0.6837217206963698 0.4211532586398071 0.16559139784946236 0.07311827956989247 0.050779107577603844
26 0.6418251583385592 0.5603473074073596 0.3741935483870968 0.1010752688172043 0.050779107577603844
45 0.6539436432920928 0.9505675818401496 0.32903225806451614 0.07311827956989247 0.050779107577603844
47 0.5041268091086817 0.7742980268307987 0.45806451612903226 0.10752688172043011 0.050779107577603844
