4 0.553763440860215 0.37849462365591396 0.07096774193548387 0.06236559139784946
4 0.546236559139785 0.23440860215053763 0.09462365591397849 0.07311827956989247
0 0.5881720430107527 0.2946236559139785 0.24086021505376345 0.1827956989247312
8 0.4129032258064516 0.489247311827957 0.24301075268817204 0.1870967741935484
18 0.11827956989247312 0.7913978494623656 0.23225806451612904 0.16774193548387098
2 0.5290322580645161 0.6720430107526881 0.7741935483870968 0.5419354838709678
2 0.3956989247311828 0.2075268817204301 0.5548387096774193 0.4043010752688172
13 0.5516129032258065 0.35591397849462364 0.12473118279569892 0.09462365591397849
13 0.3741935483870968 0.23010752688172043 0.12473118279569892 0.09462365591397849
13 0.14086021505376345 0.3010752688172043 0.12473118279569892 0.08602150537634409
19 0.6118279569892473 0.810752688172043 0.45376344086021503 0.35913978494623655
9 0.7946236559139785 0.8139784946236559 0.26666666666666666 0.210752688172043
9 0.37849462365591396 0.513978494623656 0.2709677419354839 0.2064516129032258
