4 0.7725483109115745 0.5394939987766609 0.07311827956989247 0.0967741935483871
4 0.5934900306502524 0.5573692726211574 0.060215053763440864 0.07311827956989247
0 0.7300428582973908 0.5878455012389963 0.1913978494623656 0.25591397849462366
26 0.5271177887256835 0.41236954884867505 0.1827956989247312 0.23870967741935484
18 0.18932232191637782 0.12762079631846615 0.16774193548387098 0.23225806451612904
2 0.3320789762699118 0.5365664231298326 0.5419354838709678 0.7720430107526882
2 0.7657672286828173 0.3638680822149865 0.4043010752688172 0.5548387096774193
13 0.6063368637082976 0.5379961264501792 0.09462365591397849 0.12473118279569892
13 0.7676386559536096 0.377495374113398 0.09462365591397849 0.12473118279569892
13 0.6988099516436808 0.14913586307184934 0.08602150537634409 0.12473118279569892
19 0.1819366517198276 0.596124318161105 0.35913978494623655 0.45376344086021503
9 0.16522196553601104 0.8016408380347623 0.210752688172043 0.26666666666666666
9 0.49214785812270745 0.3793074162150666 0.2064516129032258 0.2709677419354839
