3 0.7937740655968161 0.5242505557703273 0.016129032258064516 0.01935483870967742 0.04588723192966988
5 0.7723570371776445 0.5038721478814499 0.03763440860215054 0.034408602150537634 0.04588723192966988
4 0.8169473593329735 0.3454543332129301 0.054838709677419356 0.08817204301075268 0.04588723192966988
4 0.7930974723287756 0.3408925013915298 0.047311827956989246 0.07311827956989247 0.04588723192966988
3 0.43047029553881827 0.7042600513924723 0.01935483870967742 0.025806451612903226 0.04588723192966988
4 0.1147912785754653 0.8093933326064268 0.025806451612903226 0.053763440860215055 0.04588723192966988
3 0.8997931651530231 0.7480205726783647 0.026881720430107527 0.016129032258064516 0.04588723192966988
0 0.796931079867279 0.786179260770854 0.14193548387096774 0.1827956989247312 0.04588723192966988
0 0.7324337422832368 0.852216156941618 0.13978494623655913 0.18064516129032257 0.04588723192966988
26 0.7230673155903431 0.816638061556017 0.1881720430107527 0.24193548387096775 0.04588723192966988
9 0.35127086457170004 0.5721197911445608 0.19032258064516128 0.2731182795698925 0.04588723192966988
9 0.40762613063378317 0.6103973438032031 0.1935483870967742 0.2645161290322581 0.04588723192966988
9 0.5828501794773098 0.7155464741699614 0.2053763440860215 0.2838709677419355 0.04588723192966988
9 0.6178760078709825 0.7417749430696934 0.2053763440860215 0.2731182795698925 0.04588723192966988
2 0.3679380214133834 0.5326207201233853 0.2537634408602151 0.32903225806451614 0.04588723192966988
2 0.6585723113021315 0.736788247737009 0.23333333333333334 0.3333333333333333 0.04588723192966988
19 0.25834006574736973 0.5261199822817301 0.2817204301075269 0.35053763440860214 0.04588723192966988
