4 0.45530912554741965 0.9042656859473387 0.04516129032258064 0.05806451612903226 0.05709507551739535
4 0.45062532809753403 0.9114676972113299 0.043010752688172046 0.05591397849462366 0.05709507551739535
4 0.27615916236471455 0.8185271885521643 0.010752688172043012 0.06559139784946237 0.05709507551739535
4 0.38421950022134516 0.8718254593118613 0.010752688172043012 0.06559139784946237 0.05709507551739535
4 0.23865328140615205 0.8276067404374321 0.010752688172043012 0.06559139784946237 0.05709507551739535
30 0.9055007855171334 0.5044185184414929 0.08817204301075268 0.1032258064516129 0.05709507551739535
30 0.7745627274096767 0.515365061333973 0.06666666666666667 0.07311827956989247 0.05709507551739535
30 0.7209085837646196 0.19704235290387379 0.08172043010752689 0.08817204301075268 0.05709507551739535
31 0.9034419815650508 0.9151091241099644 0.08172043010752689 0.07741935483870968 0.05709507551739535
31 0.26321375994154755 0.15519070224509743 0.12043010752688173 0.13548387096774195 0.05709507551739535
31 0.1616970795168883 0.17607964606947488 0.0967741935483871 0.1032258064516129 0.05709507551739535
31 0.6225431587739411 0.583953808847311 0.07526881720430108 0.08172043010752689 0.05709507551739535
31 0.7788848919029718 0.8997266842862198 0.07526881720430108 0.08172043010752689 0.05709507551739535
31 0.6925931161611282 0.7311005566737383 0.08602150537634409 0.08387096774193549 0.05709507551739535
31 0.5215201184901506 0.5501744773907163 0.07956989247311828 0.08387096774193549 0.05709507551739535
31 0.6277847057738309 0.44607192523040357 0.10752688172043011 0.11397849462365592 0.05709507551739535
31 0.5451794193418318 0.18520821001097693 0.09247311827956989 0.10752688172043011 0.05709507551739535
44 0.5481617712544499 0.933704965081264 0.1913978494623656 0.1913978494623656 0.05709507551739535
44 0.5678424804043614 0.8272683670349373 0.18494623655913978 0.1913978494623656 0.05709507551739535
47 0.24604869695908974 0.4718869833316082 0.33763440860215055 0.36129032258064514 0.05709507551739535
