4 0.8800066999896321 0.5173231738750277 0.05806451612903226 0.04516129032258064 0.08791214022991714
4 0.8777119326192705 0.6108698966223312 0.05591397849462366 0.043010752688172046 0.08791214022991714
4 0.803161301437131 0.6693799179954419 0.06559139784946237 0.00967741935483871 0.08791214022991714
4 0.8545724380667968 0.7020219809808034 0.06666666666666667 0.013978494623655914 0.08791214022991714
31 0.8856860886033652 0.12643935521728086 0.07956989247311828 0.08172043010752689 0.08791214022991714
31 0.8550705571394663 0.19528507593696248 0.08172043010752689 0.07741935483870968 0.08791214022991714
31 0.6030179921873785 0.3147173175019034 0.08817204301075268 0.07956989247311828 0.08791214022991714
31 0.752554318271125 0.4155437493766891 0.08602150537634409 0.08817204301075268 0.08791214022991714
31 0.6038955926988585 0.5018878581032489 0.08602150537634409 0.07956989247311828 0.08791214022991714
31 0.14250833074267344 0.966524661155331 0.1010752688172043 0.09462365591397849 0.08791214022991714
31 0.14880208449285362 0.7305060145759332 0.12258064516129032 0.11182795698924732 0.08791214022991714
31 0.5291351238600328 0.10843590927180397 0.1010752688172043 0.08387096774193549 0.08791214022991714
31 0.5888748466008517 0.20491348864011236 0.07311827956989247 0.06451612903225806 0.08791214022991714
31 0.247129761113583 0.3388705997774863 0.09032258064516129 0.08172043010752689 0.08791214022991714
31 0.4970072055004158 0.3878017589262206 0.11397849462365592 0.10752688172043011 0.08791214022991714
31 0.15349432496703264 0.42910922717515104 0.10752688172043011 0.09247311827956989 0.08791214022991714
44 0.7481485773883105 0.41015976079431216 0.1913978494623656 0.1913978494623656 0.08791214022991714
44 0.7652885747838871 0.42350600071402167 0.1913978494623656 0.18494623655913978 0.08791214022991714
47 0.42529048969628963 0.7204538795467937 0.3634408602150538 0.3333333333333333 0.08791214022991714
