4 0.4263415080900089 0.676018528605857 0.07741935483870968 0.0989247311827957 0.10835929301072997
4 0.3982746568576124 0.8254378485667657 0.07741935483870968 0.0989247311827957 0.10835929301072997
8 0.6381227792456153 0.62111704062041 0.15268817204301074 0.2 0.10835929301072997
18 0.6139332955139928 0.8752385468095276 0.17204301075268819 0.22580645161290322 0.10835929301072997
2 0.5493766610350338 0.41139695719022357 0.5935483870967742 0.7419354838709677 0.10835929301072997
13 0.21560734353692634 0.41790783148931016 0.1053763440860215 0.12903225806451613 0.10835929301072997
19 0.5810075187582135 0.24970825234167404 0.34838709677419355 0.45161290322580644 0.10835929301072997
21 0.7598605579713051 0.6852521444782843 0.23225806451612904 0.3053763440860215 0.10835929301072997
9 0.5815477047434677 0.09224402225724107 0.2064516129032258 0.26666666666666666 0.10835929301072997
9 0.36329714331623864 0.563905126004459 0.210752688172043 0.2709677419354839 0.10835929301072997
