8 0.4958013368098437 0.22803729855819513 0.27956989247311825 0.12473118279569892
8 0.5496829255845851 0.43952340611956786 0.3118279569892473 0.13548387096774195
17 0.5225404307284777 0.7034041331756011 0.2537634408602151 0.10967741935483871
8 0.46967089840813653 0.7536240139573861 0.2967741935483871 0.13333333333333333
4 0.21573962573139926 0.4466091438159458 0.03655913978494624 0.06666666666666667
17 0.2843440954428287 0.7520024629851129 0.25161290322580643 0.10967741935483871
2 0.45643185209673975 0.7964192670984285 0.3849462365591398 0.15913978494623657
2 0.40955803691906395 0.37916779520134203 0.37849462365591396 0.16129032258064516
21 0.4647061032696105 0.2791205245406729 0.30752688172043013 0.14408602150537633
38 0.52747488239406 0.8315886957321242 0.40860215053763443 0.1827956989247312
