4 0.589247311827957 0.9344086021505377 0.05806451612903226 0.07526881720430108
4 0.5720430107526882 0.9279569892473118 0.08387096774193549 0.11397849462365592
0 0.44731182795698926 0.3774193548387097 0.1827956989247312 0.23440860215053763
2 0.7333333333333333 0.5258064516129032 0.421505376344086 0.5763440860215053
2 0.43333333333333335 0.8559139784946237 0.1010752688172043 0.13548387096774195
2 0.5344086021505376 0.9150537634408602 0.11397849462365592 0.16559139784946236
13 0.8333333333333334 0.7709677419354839 0.08387096774193549 0.11827956989247312
13 0.7677419354838709 0.5258064516129032 0.08602150537634409 0.12043010752688173
13 0.6967741935483871 0.5258064516129032 0.09032258064516129 0.12473118279569892
13 0.6806451612903226 0.5086021505376344 0.08387096774193549 0.12688172043010754
13 0.6290322580645161 0.7268817204301076 0.09032258064516129 0.11612903225806452
13 0.5602150537634408 0.7215053763440861 0.09032258064516129 0.12473118279569892
38 0.8473118279569892 0.2967741935483871 0.18494623655913978 0.23655913978494625
