4 0.13642752861690835 0.19879686821373654 0.18924731182795698 0.09247311827956989
3 0.6747016049713795 0.8155414586957168 0.008602150537634409 0.01935483870967742
3 0.8799412406472874 0.8615442461416681 0.008602150537634409 0.01935483870967742
9 0.5480985557045089 0.9341793564280071 0.2924731182795699 0.12688172043010754
9 0.579972296722395 0.21546439195744632 0.2989247311827957 0.14193548387096774
9 0.6122444596485608 0.2097911315736303 0.27956989247311825 0.13118279569892474
9 0.47919306690993146 0.25111534658065493 0.2946236559139785 0.13763440860215054
18 0.5693920774443784 0.8953649070970231 0.23655913978494625 0.1053763440860215
2 0.5257863856232126 0.7701039705262223 0.3763440860215054 0.15483870967741936
2 0.49287184039577103 0.35040665179140373 0.3849462365591398 0.16129032258064516
9 0.46753752620749367 0.5661402864292255 0.27741935483870966 0.13118279569892474
38 0.5732626286431977 0.5095196393607051 0.4043010752688172 0.18494623655913978
21 0.602836633596566 0.9240884049487659 0.3053763440860215 0.14193548387096774
