39 0.6106232485747642 0.14589912800807953 0.012903225806451613 0.025806451612903226
39 0.5741615668420794 0.22019051706656548 0.008602150537634409 0.01935483870967742
39 0.6170595319944052 0.6445130214634056 0.010752688172043012 0.01935483870967742
39 0.6024268055099491 0.6063042874119683 0.010752688172043012 0.01935483870967742
39 0.5916599030726789 0.5583884614201547 0.010752688172043012 0.023655913978494623
8 0.4529934692430698 0.7137023258542804 0.28817204301075267 0.13978494623655913
8 0.4762076471389743 0.6613323312945781 0.27741935483870966 0.13978494623655913
8 0.46143011823506186 0.20167339394059342 0.3032258064516129 0.13978494623655913
17 0.4869649023394131 0.28573121064273144 0.24946236559139784 0.10752688172043011
18 0.4910615163136256 0.2423029292224726 0.24301075268817204 0.10967741935483871
2 0.45780370414765503 0.7459802502283177 0.3827956989247312 0.16344086021505377
2 0.4684687735801325 0.32945594585624144 0.3741935483870968 0.16344086021505377
9 0.5272376767332799 0.8418551265563788 0.27741935483870966 0.12043010752688173
9 0.4847061041307779 0.7786868114480675 0.27956989247311825 0.12903225806451613
9 0.4498870061631894 0.6183321457958696 0.27956989247311825 0.13978494623655913
21 0.48030363546848515 0.8381244872438534 0.3096774193548387 0.13978494623655913
38 0.5212308454057255 0.4021700997711445 0.410752688172043 0.17849462365591398
