4 0.4718705647301913 0.2911764123465577 0.08172043010752689 0.1032258064516129 0.025039804771501892
4 0.4076282035548032 0.29911319776374223 0.07956989247311828 0.1032258064516129 0.025039804771501892
4 0.1496548493332196 0.7377484114538895 0.08387096774193549 0.10752688172043011 0.025039804771501892
4 0.10012286372466281 0.700570690062457 0.08387096774193549 0.1053763440860215 0.025039804771501892
8 0.14558497023710015 0.1027208580938352 0.14838709677419354 0.1956989247311828 0.025039804771501892
8 0.1711743336565488 0.20394963085668533 0.2086021505376344 0.26666666666666666 0.025039804771501892
18 0.49315436745691554 0.45794261045767687 0.17204301075268819 0.23225806451612904 0.025039804771501892
2 0.2860101336062125 0.5852319871532922 0.5419354838709678 0.7634408602150538 0.025039804771501892
2 0.7281330889118133 0.47041952306402823 0.3935483870967742 0.5698924731182796 0.025039804771501892
38 0.6437771758658278 0.6605334074224576 0.18494623655913978 0.23870967741935484 0.025039804771501892
21 0.17742072347500198 0.8287741319597652 0.22795698924731184 0.2967741935483871 0.025039804771501892
9 0.4834200450627347 0.44403166127438165 0.2086021505376344 0.2731182795698925 0.025039804771501892
