3 0.28820820205484315 0.13618721649322618 0.010752688172043012 0.012903225806451613
33 0.6400288439994509 0.2761670495194027 0.24516129032258063 0.06451612903225806
2 0.6359707214909759 0.9302040288136003 0.2903225806451613 0.030107526881720432
2 0.5861457562549061 0.7906659852683251 0.47096774193548385 0.03225806451612903
2 0.5638913409519066 0.6210124296448343 0.47096774193548385 0.03655913978494624
2 0.5706926186194671 0.508232824712518 0.4666666666666667 0.04086021505376344
2 0.6034916492684312 0.37153112160431917 0.4258064516129032 0.03225806451612903
2 0.589641840665869 0.2476976131688097 0.421505376344086 0.03655913978494624
2 0.607820148423805 0.09091563802301804 0.432258064516129 0.034408602150537634
16 0.521796121052236 0.6999681728693693 0.42795698924731185 0.07096774193548387
16 0.5871429424842693 0.5562700915122334 0.44086021505376344 0.07956989247311828
30 0.6514438407863022 0.44819688897867965 0.3655913978494624 0.06236559139784946
