5 0.4790323295499113 0.8034914208346647 0.021505376344086023 0.03655913978494624
5 0.47529782108413365 0.9697703443613277 0.01935483870967742 0.03655913978494624
5 0.3503322368285772 0.8317830620413161 0.021505376344086023 0.03655913978494624
5 0.46043260386515417 0.8584477563332398 0.03655913978494624 0.04946236559139785
5 0.4463231688011003 0.8042001790373842 0.023655913978494623 0.03225806451612903
5 0.4390357574907271 0.782654278730833 0.01935483870967742 0.03655913978494624
5 0.26787159985554043 0.7422588747439034 0.021505376344086023 0.03655913978494624
5 0.47534074653527236 0.8273492841361685 0.017204301075268817 0.034408602150537634
5 0.22694447852020502 0.7915973267909053 0.017204301075268817 0.03870967741935484
5 0.3566363775042374 0.7448484117389216 0.021505376344086023 0.03655913978494624
5 0.3717286197544067 0.760161440908827 0.021505376344086023 0.03655913978494624
5 0.4568820838389139 0.5515654932223397 0.021505376344086023 0.034408602150537634
5 0.11594101182678851 0.8922412291108419 0.01935483870967742 0.03225806451612903
4 0.27437933868924747 0.8310308876781946 0.060215053763440864 0.025806451612903226
4 0.2669474768031913 0.6913853184245929 0.06666666666666667 0.04086021505376344
4 0.12387595375687648 0.799753754181369 0.06666666666666667 0.03870967741935484
4 0.1967835272670926 0.8033329652522848 0.06236559139784946 0.06666666666666667
4 0.30394894949430423 0.8073470023895469 0.06236559139784946 0.060215053763440864
20 0.607195678215617 0.6157495862816432 0.2021505376344086 0.24086021505376345
2 0.5859558153820656 0.6804610494453541 0.23225806451612904 0.27741935483870966
24 0.5082543538489988 0.4689957587140874 0.5720430107526882 0.589247311827957
25 0.7518708123789339 0.8355850628446571 0.15913978494623657 0.1913978494623656
