3 0.8896563392434981 0.2532831356075987 0.015053763440860216 0.012903225806451613 0.03527568273158535
33 0.7550061529903676 0.6564635534103045 0.06451612903225806 0.24516129032258063 0.03527568273158535
2 0.1282633520651861 0.6983114542174524 0.030107526881720432 0.28817204301075267 0.03527568273158535
2 0.2591255486344461 0.6272795270982826 0.034408602150537634 0.47096774193548385 0.03527568273158535
2 0.3560587885451594 0.5581593447005312 0.03655913978494624 0.47096774193548385 0.03527568273158535
2 0.4753520324100525 0.5657293127874602 0.04086021505376344 0.4666666666666667 0.03527568273158535
2 0.6070258676145056 0.5477192012272079 0.03225806451612903 0.4258064516129032 0.03527568273158535
2 0.7799378665963318 0.6239260730484384 0.03655913978494624 0.421505376344086 0.03527568273158535
2 0.9054009277711017 0.6341880136920903 0.034408602150537634 0.432258064516129 0.03527568273158535
16 0.30836108702232273 0.5925396725910866 0.07311827956989247 0.42795698924731185 0.03527568273158535
16 0.4807561501246594 0.5842960806121518 0.07956989247311828 0.44086021505376344 0.03527568273158535
30 0.6088208606715166 0.6057874553315916 0.06236559139784946 0.3655913978494624 0.03527568273158535
