30 0.2978494623655914 0.43870967741935485 0.04946236559139785 0.05161290322580645
4 0.20967741935483872 0.17526881720430107 0.043010752688172046 0.047311827956989246
30 0.17419354838709677 0.11182795698924732 0.12473118279569892 0.12043010752688173
30 0.36236559139784946 0.810752688172043 0.07741935483870968 0.08817204301075268
30 0.1086021505376344 0.4924731182795699 0.08172043010752689 0.08172043010752689
30 0.36666666666666664 0.23225806451612904 0.08602150537634409 0.1010752688172043
30 0.45698924731182794 0.3365591397849462 0.07311827956989247 0.08602150537634409
30 0.553763440860215 0.5903225806451613 0.08387096774193549 0.0989247311827957
30 0.6494623655913978 0.7440860215053764 0.0967741935483871 0.1032258064516129
30 0.6795698924731183 0.7 0.12473118279569892 0.16344086021505377
30 0.5655913978494623 0.7279569892473118 0.15053763440860216 0.17204301075268819
30 0.3010752688172043 0.35698924731182796 0.17419354838709677 0.16774193548387098
23 0.8064516129032258 0.613978494623656 0.15053763440860216 0.2
47 0.5655913978494623 0.3150537634408602 0.3010752688172043 0.3634408602150538
