0 0.6766898568312103 0.427576115345882 0.23010752688172043 0.18064516129032257 0.005006256305416526
26 0.8532920617536979 0.09399620212482722 0.23870967741935484 0.1827956989247312 0.005006256305416526
8 0.767378497455638 0.4046609414077177 0.2021505376344086 0.15483870967741936 0.005006256305416526
8 0.5352235243274825 0.2484846630536574 0.1913978494623656 0.14623655913978495 0.005006256305416526
8 0.3193211216198656 0.5502999829998542 0.1978494623655914 0.15268817204301074 0.005006256305416526
2 0.45430080040289683 0.6774132278133954 0.6752688172043011 0.4731182795698925 0.005006256305416526
2 0.6071744106508644 0.339817393835723 0.45161290322580644 0.33548387096774196 0.005006256305416526
13 0.7953381987140107 0.1386036619658889 0.11612903225806452 0.08817204301075268 0.005006256305416526
13 0.3800850071469284 0.07888443528148067 0.1032258064516129 0.07096774193548387 0.005006256305416526
19 0.6047644642649562 0.8368406249545474 0.34623655913978496 0.2946236559139785 0.005006256305416526
9 0.6532250159267393 0.7734145876031904 0.2731182795698925 0.2086021505376344 0.005006256305416526
