4 0.8324004296329095 0.5301672327796413 0.06451612903225806 0.010752688172043012 0.04917372259761935
4 0.7988094634190598 0.47902733101142997 0.06666666666666667 0.012903225806451613 0.04917372259761935
4 0.9004555375244171 0.45327044520204635 0.05161290322580645 0.043010752688172046 0.04917372259761935
4 0.8744397722507786 0.33624796544571267 0.05591397849462366 0.04516129032258064 0.04917372259761935
30 0.7618991952995237 0.1427911330127351 0.06881720430107527 0.09032258064516129 0.04917372259761935
30 0.8603725894815373 0.1527884096111218 0.0967741935483871 0.09032258064516129 0.04917372259761935
30 0.0837975025109368 0.6930060122068523 0.08602150537634409 0.06881720430107527 0.04917372259761935
30 0.19936076620762133 0.5991714827444512 0.09247311827956989 0.09247311827956989 0.04917372259761935
30 0.08597938378107262 0.5840134696829845 0.08172043010752689 0.08172043010752689 0.04917372259761935
30 0.2925012642425461 0.5227136733777543 0.0989247311827957 0.08602150537634409 0.04917372259761935
30 0.58772232234405 0.4574803282125744 0.0989247311827957 0.09032258064516129 0.04917372259761935
30 0.3881485378335109 0.3386301668355932 0.08602150537634409 0.08387096774193549 0.04917372259761935
30 0.3508456357658907 0.23862695728923503 0.10752688172043011 0.1053763440860215 0.04917372259761935
30 0.5915695318725764 0.2673159788382018 0.13978494623655913 0.13333333333333333 0.04917372259761935
30 0.37446771220766445 0.30756495495948066 0.12258064516129032 0.11612903225806452 0.04917372259761935
47 0.39672675693073095 0.5010438465152969 0.3741935483870968 0.3204301075268817 0.04917372259761935
