4 0.3754445199925919 0.22119217473783032 0.08602150537634409 0.10967741935483871
4 0.7395482110289643 0.22408501896717764 0.07956989247311828 0.1032258064516129
8 0.796390485963227 0.596087232826544 0.14838709677419354 0.2
8 0.7138277320813843 0.5057249814915279 0.14838709677419354 0.1978494623655914
8 0.7081668978541185 0.5008079393510834 0.13763440860215054 0.1827956989247312
26 0.6118518152841882 0.7949296552214563 0.1870967741935484 0.23655913978494625
0 0.4977284112271641 0.6477576871831414 0.17634408602150536 0.23870967741935484
18 0.3597626128747916 0.6912846680376608 0.17419354838709677 0.23655913978494625
18 0.2906211662216056 0.3427805043643351 0.17849462365591398 0.23655913978494625
2 0.24659161487121373 0.418074295916974 0.4838709677419355 0.6602150537634408
2 0.49036577195747966 0.5715985088257014 0.3333333333333333 0.46021505376344085
19 0.2757307657142847 0.5284482772211223 0.2903225806451613 0.36774193548387096
9 0.1561697942661628 0.6365570570794369 0.2086021505376344 0.2838709677419355
9 0.14102195311136992 0.5331761436229814 0.210752688172043 0.2817204301075269
