4 0.7139784946236559 0.8623655913978494 0.1053763440860215 0.08602150537634409
4 0.7290322580645161 0.8462365591397849 0.1053763440860215 0.08602150537634409
4 0.1010752688172043 0.8419354838709677 0.1935483870967742 0.14838709677419354
0 0.1967741935483871 0.8258064516129032 0.26666666666666666 0.2086021505376344
18 0.45698924731182794 0.521505376344086 0.23225806451612904 0.17204301075268819
2 0.5913978494623656 0.7075268817204301 0.7634408602150538 0.5419354838709678
2 0.45161290322580644 0.23763440860215054 0.5720430107526882 0.3956989247311828
38 0.6720430107526881 0.34623655913978496 0.23870967741935484 0.18494623655913978
21 0.8279569892473119 0.8225806451612904 0.2967741935483871 0.22795698924731184
9 0.4311827956989247 0.5473118279569893 0.2731182795698925 0.2086021505376344
