5 0.9268817204301075 0.2967741935483871 0.03655913978494624 0.04086021505376344
4 0.21935483870967742 0.35376344086021505 0.1053763440860215 0.07956989247311828
26 0.5311827956989247 0.2 0.23655913978494625 0.18924731182795698
2 0.44946236559139785 0.5591397849462365 0.7634408602150538 0.567741935483871
13 0.47956989247311826 0.24193548387096775 0.12258064516129032 0.0989247311827957
13 0.3139784946236559 0.12258064516129032 0.12688172043010754 0.0989247311827957
19 0.5440860215053763 0.7172043010752688 0.45806451612903226 0.3741935483870968
9 0.3473118279569892 0.8956989247311828 0.2752688172043011 0.2064516129032258
9 0.7021505376344086 0.7086021505376344 0.2989247311827957 0.23655913978494625
9 0.7354838709677419 0.6806451612903226 0.2817204301075269 0.22795698924731184
