5 0.06929145082611039 0.20015969331992534 0.010752688172043012 0.01935483870967742 0.068859159733649
5 0.17176575481249937 0.25585822791162993 0.0064516129032258064 0.012903225806451613 0.068859159733649
5 0.28710228628887635 0.2569617574017565 0.01935483870967742 0.03225806451612903 0.068859159733649
5 0.21550323720889247 0.17609202000645974 0.017204301075268817 0.030107526881720432 0.068859159733649
5 0.1435483664424072 0.2512558651037423 0.017204301075268817 0.030107526881720432 0.068859159733649
5 0.2071958430849336 0.11905148464632277 0.023655913978494623 0.06344086021505377 0.068859159733649
4 0.11699322871799654 0.5559916358240509 0.1032258064516129 0.12043010752688173 0.068859159733649
4 0.3423946538082838 0.35085156815432056 0.14193548387096774 0.13333333333333333 0.068859159733649
10 0.7246931302441626 0.6243644892308611 0.24946236559139784 0.24946236559139784 0.068859159733649
11 0.4459374565019978 0.234462196574603 0.3225806451612903 0.3010752688172043 0.068859159733649
