3 0.6642929538650312 0.23474909993749282 0.01827956989247312 0.024731182795698924 0.006456331991565374
3 0.6844133132988455 0.19640760355681233 0.00967741935483871 0.01935483870967742 0.006456331991565374
3 0.683814454997036 0.2064060278408822 0.013978494623655914 0.01935483870967742 0.006456331991565374
3 0.5663730767513163 0.3054212118956131 0.011827956989247311 0.01935483870967742 0.006456331991565374
8 0.7969324038432323 0.29409504266328745 0.25806451612903225 0.1967741935483871 0.006456331991565374
21 0.7863448742667765 0.32498946777924126 0.2946236559139785 0.22795698924731184 0.006456331991565374
9 0.8582483919560258 0.18572767512374333 0.26881720430107525 0.21505376344086022 0.006456331991565374
9 0.8377359970573844 0.21897445929179 0.27741935483870966 0.2064516129032258 0.006456331991565374
2 0.8075109952024754 0.24139631566062209 0.33548387096774196 0.24516129032258063 0.006456331991565374
19 0.3449268082842818 0.5093822557081662 0.36236559139784946 0.4645161290322581 0.006456331991565374
17 0.7639043597366912 0.3669122764950128 0.23010752688172043 0.17634408602150536 0.006456331991565374
