7 0.3571449016503679 0.23738263713527885 0.07311827956989247 0.04516129032258064
7 0.40842376636148425 0.2811579470245723 0.09462365591397849 0.05806451612903226
3 0.6973116509665478 0.030159332904661093 0.017204301075268817 0.025806451612903226
7 0.7666268506951529 0.26737575139447056 0.17634408602150536 0.13763440860215054
7 0.7652187806001162 0.2485418110657143 0.18494623655913978 0.14408602150537633
26 0.7952237195892993 0.33759938026739 0.23870967741935484 0.1827956989247312
9 0.41902814661450966 0.6367774824128767 0.26881720430107525 0.1913978494623656
9 0.5708482227630683 0.6243837882348314 0.2645161290322581 0.1935483870967742
9 0.7070128826011893 0.4232815961881073 0.2817204301075269 0.20430107526881722
9 0.8080389037431348 0.5431465484505106 0.2731182795698925 0.20430107526881722
2 0.5573491902033552 0.6305192255146554 0.3333333333333333 0.24731182795698925
2 0.7957704416652543 0.4143803888401367 0.3311827956989247 0.23870967741935484
19 0.5998941664063686 0.8039562572213266 0.34838709677419355 0.2817204301075269
