0 0.9096774193548387 0.8521505376344086 0.18064516129032257 0.23548387096774193
0 0.5731182795698925 0.6768817204301075 0.17849462365591398 0.23548387096774193
8 0.5887096774193549 0.7661290322580645 0.15161290322580645 0.1989247311827957
8 0.7516129032258064 0.5408602150537635 0.14623655913978495 0.18924731182795698
8 0.4639784946236559 0.3209677419354839 0.14946236559139786 0.19462365591397848
2 0.3225806451612903 0.45483870967741935 0.4752688172043011 0.6752688172043011
2 0.6559139784946236 0.6166666666666667 0.3311827956989247 0.44623655913978494
13 0.8612903225806452 0.7978494623655914 0.08817204301075268 0.11612903225806452
13 0.9204301075268817 0.3795698924731183 0.07096774193548387 0.1032258064516129
19 0.16344086021505377 0.6 0.2946236559139785 0.34623655913978496
9 0.22795698924731184 0.6526881720430108 0.2086021505376344 0.2731182795698925
