4 0.17120266425202982 0.5483617444815285 0.0989247311827957 0.08172043010752689 0.016389949374968515
4 0.21574979431945826 0.5168551686658313 0.0967741935483871 0.07956989247311828 0.016389949374968515
4 0.7448050619028237 0.6971708496591865 0.06666666666666667 0.02795698924731183 0.016389949374968515
18 0.801339329741257 0.8348023984748842 0.22365591397849463 0.18064516129032257 0.016389949374968515
2 0.4836941497267796 0.6821245364138062 0.7591397849462366 0.5655913978494623 0.016389949374968515
2 0.3284279306443745 0.20251389350135957 0.556989247311828 0.4118279569892473 0.016389949374968515
13 0.07907366487807396 0.3013153434005067 0.11827956989247312 0.08172043010752689 0.016389949374968515
13 0.3268955915076491 0.23880525740301445 0.12258064516129032 0.08387096774193549 0.016389949374968515
13 0.34048868613738986 0.14249957984511802 0.12903225806451613 0.08387096774193549 0.016389949374968515
13 0.32351309021653085 0.16832013303920176 0.12043010752688173 0.08172043010752689 0.016389949374968515
13 0.10774923081216711 0.08551466836854496 0.14838709677419354 0.1053763440860215 0.016389949374968515
19 0.5439695782101674 0.8282546920900914 0.45161290322580644 0.3720430107526882 0.016389949374968515
38 0.5488956372238731 0.29682398824439077 0.23870967741935484 0.1827956989247312 0.016389949374968515
21 0.7484682022590718 0.823831611628152 0.1827956989247312 0.14408602150537633 0.016389949374968515
9 0.33655738968201 0.534201572713138 0.2709677419354839 0.2086021505376344 0.016389949374968515
9 0.34559141810837996 0.4779820761837691 0.2731182795698925 0.2086021505376344 0.016389949374968515
