4 0.517456599532531 0.8428659865339267 0.011827956989247311 0.06451612903225806
4 0.498801438566296 0.805762059073934 0.011827956989247311 0.06451612903225806
4 0.6371221623823848 0.9148962631380686 0.03870967741935484 0.053763440860215055
4 0.5739162224382803 0.8958085731661883 0.04086021505376344 0.05591397849462366
30 0.8438165830020854 0.7425492064836733 0.09032258064516129 0.07311827956989247
30 0.8722631076958306 0.8398800345148622 0.09032258064516129 0.0967741935483871
30 0.6136048079168954 0.5591639396065852 0.09247311827956989 0.0989247311827957
30 0.6583965627926266 0.4920525098175046 0.07956989247311828 0.08602150537634409
30 0.3247462455341144 0.06152910724029884 0.07096774193548387 0.08817204301075268
30 0.443361089009936 0.1823656408724904 0.09247311827956989 0.09462365591397849
30 0.38125625480209796 0.20367603257687245 0.09032258064516129 0.09462365591397849
30 0.49523436101271984 0.3658470142097907 0.09462365591397849 0.0989247311827957
30 0.7618986731776668 0.3053229913718144 0.0989247311827957 0.10752688172043011
30 0.696548624811244 0.36224797323966895 0.12043010752688173 0.12903225806451613
30 0.7616130524751966 0.5242139722085333 0.12688172043010754 0.13548387096774195
47 0.44448004696087623 0.4126657227056439 0.3118279569892473 0.3548387096774194
