4 0.7795698924731183 0.8118279569892473 0.13333333333333333 0.06451612903225806
4 0.7870967741935484 0.7774193548387097 0.13118279569892474 0.06236559139784946
4 0.7870967741935484 0.7387096774193549 0.13118279569892474 0.07096774193548387
4 0.8021505376344086 0.6967741935483871 0.15268817204301074 0.07956989247311828
4 0.6935483870967742 0.7462365591397849 0.060215053763440864 0.13333333333333333
4 0.6440860215053763 0.7376344086021506 0.060215053763440864 0.13118279569892474
4 0.589247311827957 0.7021505376344086 0.04946236559139785 0.1827956989247312
4 0.5365591397849462 0.7032258064516129 0.06236559139784946 0.16559139784946236
4 0.16021505376344086 0.589247311827957 0.05161290322580645 0.2623655913978495
4 0.110752688172043 0.6064516129032258 0.060215053763440864 0.21935483870967742
26 0.4118279569892473 0.5752688172043011 0.1010752688172043 0.3720430107526882
45 0.054838709677419356 0.5483870967741935 0.06881720430107527 0.32903225806451614
47 0.22688172043010751 0.5086021505376344 0.10752688172043011 0.45806451612903226
