7 0.11477797931896316 0.5025663255820639 0.11397849462365592 0.09032258064516129 0.05816375792302824
7 0.34818608029969944 0.2502915673445601 0.1053763440860215 0.08602150537634409 0.05816375792302824
7 0.36838011990565805 0.23754693062052518 0.1010752688172043 0.08172043010752689 0.05816375792302824
8 0.431621429770742 0.19563221214127122 0.1913978494623656 0.14408602150537633 0.05816375792302824
23 0.5758079532589715 0.4635720925263827 0.1956989247311828 0.14623655913978495 0.05816375792302824
0 0.2549872587713644 0.4784608353957889 0.25161290322580643 0.1913978494623656 0.05816375792302824
26 0.11407620909220997 0.4283450737103697 0.26881720430107525 0.20430107526881722 0.05816375792302824
18 0.5867912326655279 0.35747555503516626 0.24086021505376345 0.18064516129032257 0.05816375792302824
2 0.3355424348002953 0.6258998039637464 0.6623655913978495 0.4731182795698925 0.05816375792302824
2 0.5879125742896858 0.29013283071572077 0.44516129032258067 0.3311827956989247 0.05816375792302824
13 0.6812998832036389 0.11768890343983285 0.14623655913978495 0.1053763440860215 0.05816375792302824
13 0.345371715618505 0.02220870830645264 0.11612903225806452 0.08387096774193549 0.05816375792302824
19 0.4586264504201714 0.724844185961749 0.36129032258064514 0.2903225806451613 0.05816375792302824
21 0.5273295987872432 0.690754699005192 0.3053763440860215 0.23225806451612904 0.05816375792302824
