4 0.3206614214419702 0.3097890680728764 0.1053763440860215 0.08172043010752689 0.14797735081503002
4 0.3229079237936438 0.3515315233797921 0.0989247311827957 0.07741935483870968 0.14797735081503002
8 0.2236150052907412 0.5481110244053475 0.1978494623655914 0.15053763440860216 0.14797735081503002
18 0.19451627312536474 0.5796472773728792 0.22580645161290322 0.17204301075268819 0.14797735081503002
2 0.5150279058103403 0.4356365826853166 0.7526881720430108 0.5806451612903226 0.14797735081503002
13 0.8306317372038869 0.25229310008314715 0.12903225806451613 0.1053763440860215 0.14797735081503002
19 0.762900721407155 0.45426017747824 0.45161290322580644 0.34838709677419355 0.14797735081503002
21 0.4814019412168438 0.7284104490515587 0.3053763440860215 0.23225806451612904 0.14797735081503002
9 0.8338509506769985 0.5766349253873166 0.26666666666666666 0.2064516129032258 0.14797735081503002
9 0.7159833389892885 0.07130732907833548 0.26881720430107525 0.2086021505376344 0.14797735081503002
