4 0.1937499052886429 0.7801885759292425 0.06451612903225806 0.13548387096774195 0.0039050018649330748
4 0.22412402154117528 0.7948077184511569 0.06236559139784946 0.13333333333333333 0.0039050018649330748
4 0.26347502339842394 0.7881713215915467 0.06666666666666667 0.13548387096774195 0.0039050018649330748
4 0.304357269719786 0.8028618364130161 0.07741935483870968 0.14623655913978495 0.0039050018649330748
4 0.25516238865478363 0.6946313914744655 0.13978494623655913 0.06666666666666667 0.0039050018649330748
4 0.26161039987301987 0.6422257442398445 0.13978494623655913 0.06666666666666667 0.0039050018649330748
4 0.29892362399445127 0.5903224703302234 0.1870967741935484 0.04946236559139785 0.0039050018649330748
4 0.29472051771639046 0.5412832082436048 0.17419354838709677 0.08172043010752689 0.0039050018649330748
4 0.4087212117390523 0.15898132011919894 0.26881720430107525 0.06344086021505377 0.0039050018649330748
4 0.3922980304493835 0.10562964162686833 0.22258064516129034 0.054838709677419356 0.0039050018649330748
26 0.4272951208067719 0.40661909139960084 0.36989247311827955 0.1032258064516129 0.0039050018649330748
45 0.4484677896299705 0.05518082944609942 0.3279569892473118 0.06774193548387097 0.0039050018649330748
47 0.49087772036755317 0.22918770269541933 0.45806451612903226 0.10752688172043011 0.0039050018649330748
