0 0.791082360677549 0.4280063060425776 0.15483870967741936 0.1956989247311828 0.021306714841828236
4 0.7466063867589701 0.36494052346114797 0.08817204301075268 0.11182795698924732 0.021306714841828236
4 0.7753027636828107 0.36321857467973095 0.08817204301075268 0.11182795698924732 0.021306714841828236
4 0.6137300166872536 0.557760299779276 0.15268817204301074 0.1978494623655914 0.021306714841828236
4 0.5045405983973823 0.1123753230514417 0.08602150537634409 0.10967741935483871 0.021306714841828236
0 0.5065977172723581 0.2846213617389932 0.1935483870967742 0.24946236559139784 0.021306714841828236
26 0.5074992609103314 0.22265721677827913 0.2064516129032258 0.26881720430107525 0.021306714841828236
18 0.6153753584570396 0.6307843430683847 0.18064516129032257 0.24086021505376345 0.021306714841828236
2 0.3851288528962588 0.34141009393459915 0.4731182795698925 0.6623655913978495 0.021306714841828236
2 0.7164052079471047 0.49813228865099146 0.3311827956989247 0.44516129032258067 0.021306714841828236
13 0.9073432466440698 0.7004875037328746 0.1053763440860215 0.14623655913978495 0.021306714841828236
13 0.9718399114671227 0.29212954711097816 0.08172043010752689 0.11612903225806452 0.021306714841828236
19 0.23337582983317207 0.4393187147219191 0.2924731182795699 0.36129032258064514 0.021306714841828236
21 0.2717339169557393 0.5534452940907936 0.23225806451612904 0.3053763440860215 0.021306714841828236
