33 0.251907707348478 0.3401781127990301 0.06451612903225806 0.24516129032258063
2 0.8670957242811766 0.3548352050631798 0.030107526881720432 0.28817204301075267
2 0.7683648295663965 0.43650592537803945 0.03225806451612903 0.47096774193548385
2 0.6206093594038145 0.4160887922983527 0.03655913978494624 0.47096774193548385
2 0.5037691182760057 0.47615790471781777 0.04086021505376344 0.4666666666666667
2 0.41401691153770853 0.3609010576853667 0.03225806451612903 0.4268817204301075
2 0.10580880047081849 0.3969384883092555 0.03655913978494624 0.42258064516129035
2 0.09483470771836512 0.3886647759136183 0.034408602150537634 0.432258064516129
16 0.7224595111031892 0.4054473043928667 0.07096774193548387 0.42795698924731185
16 0.4643699797879577 0.3717793526951698 0.07956989247311828 0.43870967741935485
30 0.42426235752648794 0.4127295133520439 0.06236559139784946 0.3655913978494624
