4 0.6105345852951292 0.29989763752124354 0.07526881720430108 0.0967741935483871 0.10460415016599128
4 0.476780935958215 0.2562055070429164 0.07741935483870968 0.0967741935483871 0.10460415016599128
8 0.22582124611969728 0.1764999602959253 0.15483870967741936 0.1935483870967742 0.10460415016599128
18 0.3681152381715599 0.21305316793211085 0.17204301075268819 0.22795698924731184 0.10460415016599128
2 0.28271295041795463 0.7163383666072503 0.5612903225806452 0.7612903225806451 0.10460415016599128
13 0.6698328910435443 0.5503939578112573 0.0989247311827957 0.12258064516129032 0.10460415016599128
13 0.8332109406310142 0.2770893402226609 0.1053763440860215 0.13978494623655913 0.10460415016599128
19 0.2249278052266207 0.7059200948561886 0.36989247311827955 0.4559139784946237 0.10460415016599128
9 0.14009007266088766 0.7428137621262932 0.210752688172043 0.26666666666666666 0.10460415016599128
9 0.48849329046132095 0.4853594048631017 0.2064516129032258 0.26881720430107525 0.10460415016599128
