4 0.7097969527088562 0.38699766413783065 0.07741935483870968 0.09462365591397849 0.0670028141490105
4 0.7633520184088755 0.2814964055819048 0.07741935483870968 0.09462365591397849 0.0670028141490105
8 0.48659262422457517 0.30992551664720064 0.14838709677419354 0.1956989247311828 0.0670028141490105
18 0.45970160177438296 0.2302026882290808 0.16989247311827957 0.22580645161290322 0.0670028141490105
2 0.5760242298030004 0.6131083492864464 0.5806451612903226 0.7526881720430108 0.0670028141490105
13 0.8375958802922941 0.5733579500276966 0.1053763440860215 0.12903225806451613 0.0670028141490105
19 0.47718547462532357 0.7358046075166047 0.34838709677419355 0.45161290322580644 0.0670028141490105
21 0.20458050372478698 0.5023887471342803 0.23225806451612904 0.3053763440860215 0.0670028141490105
9 0.41196490898075583 0.8556414010293999 0.2064516129032258 0.26666666666666666 0.0670028141490105
9 0.6760190611583701 0.38133840918742706 0.2086021505376344 0.26881720430107525 0.0670028141490105
