3 0.13233373117874564 0.24231891158356392 0.017241379310344827 0.021608643457382955 0.0983709593356348
3 0.24394252793337962 0.24767051220272446 0.01896551724137931 0.024009603841536616 0.0983709593356348
5 0.18069280694538792 0.039645339927806 0.02586206896551724 0.03361344537815126 0.0983709593356348
4 0.27641768720001325 0.6716524274091252 0.06379310344827586 0.08163265306122448 0.0983709593356348
4 0.2782408435610052 0.6755303775817493 0.04827586206896552 0.062424969987995196 0.0983709593356348
4 0.3020615535475848 0.5008902838848137 0.05862068965517241 0.08883553421368548 0.0983709593356348
13 0.28346248361609444 0.36140747765747866 0.12931034482758622 0.17046818727490998 0.0983709593356348
13 0.5638223596773246 0.7256128808734038 0.16551724137931034 0.2064825930372149 0.0983709593356348
13 0.48993079984236276 0.12279958525101223 0.14310344827586208 0.1752701080432173 0.0983709593356348
13 0.6684609606082695 0.3356748463039849 0.14482758620689656 0.18007202881152462 0.0983709593356348
13 0.7106262666699317 0.3995550421592863 0.1482758620689655 0.18967587034813926 0.0983709593356348
