39 0.3877902571434553 0.6653069811560214 0.08766564729867482 0.1571072319201995 0.012233166779876015
5 0.5143490893945847 0.7474069687877797 0.0326197757390418 0.05486284289276808 0.012233166779876015
39 0.5453586552351629 0.6108494516741796 0.06320081549439348 0.1371571072319202 0.012233166779876015
39 0.557159346781007 0.5948964840501302 0.03058103975535168 0.057356608478802994 0.012233166779876015
39 0.6673788436257723 0.32194104090223724 0.07135575942915393 0.14463840399002495 0.012233166779876015
39 0.5359550658577893 0.47135945468370377 0.040774719673802244 0.08229426433915212 0.012233166779876015
39 0.5753917697719075 0.370565493925384 0.040774719673802244 0.0773067331670823 0.012233166779876015
39 0.2427023113642595 0.6566244429397244 0.17940876656472987 0.14463840399002495 0.012233166779876015
13 0.48580784585806136 0.47866184216479474 0.14067278287461774 0.2793017456359102 0.012233166779876015
5 0.48915176343588596 0.6493998602278244 0.1651376146788991 0.29177057356608477 0.012233166779876015
