39 0.5976501306510931 0.08300744037411514 0.03709949409780776 0.04645476772616137
3 0.7440604749852151 0.9166995625200791 0.013490725126475547 0.02689486552567237
3 0.7830364107047826 0.891414742441145 0.02023608768971332 0.044009779951100246
3 0.8217102465615261 0.890880139033574 0.02023608768971332 0.04156479217603912
3 0.6988013094749055 0.8725508253426373 0.01854974704890388 0.039119804400977995
3 0.7404188339940824 0.9622498216294827 0.01854974704890388 0.039119804400977995
3 0.7567910420088612 0.9623764174490367 0.013490725126475547 0.03667481662591687
3 0.8963608275181065 0.9195569575339627 0.023608768971332208 0.061124694376528114
3 0.9762469369198379 0.8348602246272517 0.023608768971332208 0.061124694376528114
3 0.9058394353408138 0.9205856930544883 0.013490725126475547 0.0488997555012225
3 0.924441039638744 0.9067107820364171 0.021922428330522766 0.05867970660146699
3 0.8671285711849603 0.9208388174033114 0.02023608768971332 0.05867970660146699
3 0.8140417845702848 0.9083843331039158 0.023608768971332208 0.061124694376528114
3 0.9381128879176502 0.9304850072956287 0.023608768971332208 0.05867970660146699
3 0.6989731061526169 0.766818262254944 0.023608768971332208 0.05623471882640587
3 0.8322682605077107 0.8803916746473909 0.023608768971332208 0.05623471882640587
3 0.8638858805797832 0.6524762917081313 0.01854974704890388 0.0488997555012225
3 0.8593004479575191 0.7776345516953527 0.013490725126475547 0.04156479217603912
3 0.8698947350728066 0.733428463914169 0.01011804384485666 0.029339853300733496
3 0.893312968022984 0.738909424677038 0.01517706576728499 0.04156479217603912
3 0.9282053270750585 0.9023343938166858 0.013490725126475547 0.02689486552567237
3 0.9096988097782426 0.8573637601245503 0.011804384485666104 0.02689486552567237
3 0.9250151373388787 0.8181285596860441 0.013490725126475547 0.04156479217603912
3 0.9160124692748689 0.7932233729050449 0.016863406408094434 0.0488997555012225
3 0.9449483077076215 0.8580537153767682 0.01854974704890388 0.0488997555012225
3 0.8941095471564239 0.7541817205224856 0.02023608768971332 0.05867970660146699
48 0.36755716375370895 0.38167695156522385 0.4856661045531197 0.5623471882640587
5 0.13655484865007045 0.3405363140916521 0.16526138279932545 0.17359413202933985
