10 0.12294338444455186 0.26427597196704816 0.05738396624472574 0.35379061371841153
15 0.19910118494048742 0.2598179947652093 0.05738396624472574 0.4139590854392298
10 0.1687818812196566 0.6599494986611522 0.06244725738396625 0.36823104693140796
15 0.15437631237848476 0.7193687575095545 0.0540084388185654 0.3971119133574007
5 0.404950693915793 0.05611155315373405 0.1890295358649789 0.06738868832731648
20 0.4611827650110115 0.29633722537028495 0.04556962025316456 0.32731648616125153
5 0.7557479797270222 0.13769551813752037 0.18734177215189873 0.07220216606498195
20 0.8469914222308129 0.3827588122774597 0.05063291139240506 0.31528279181708785
36 0.9405606240600511 0.5914518043547715 0.11476793248945148 0.5968712394705175
11 0.551339803816124 0.718000627840255 0.08270042194092828 0.4789410348977136
20 0.4596001524578085 0.7849440435549971 0.04725738396624472 0.3176895306859206
