5 0.1216121372769335 0.7057710734194387 0.07819287576020852 0.12106537530266344
5 0.1940250091026082 0.5003906203587433 0.11468288444830582 0.18159806295399517
5 0.46193866158165364 0.8606425736697656 0.08166811468288444 0.12590799031476999
10 0.3252787494550244 0.2186089778724469 0.20156385751520417 0.3220338983050847
5 0.1984502889877774 0.15593056239117983 0.13032145960034752 0.16707021791767554
5 0.20378320067315642 0.4757062105102694 0.11294526498696786 0.1791767554479419
4 0.13906414020395924 0.541439948660795 0.23979148566463945 0.36319612590799033
36 0.6287118594117148 0.6110325401162191 0.33883579496090355 0.5254237288135594
36 0.764404080414993 0.43924601691084264 0.34404865334491747 0.5375302663438256
5 0.6919420871393537 0.37112175722017904 0.11642050390964379 0.17433414043583534
