4 0.42170981105400274 0.6453320615210023 0.04886267902274642 0.13110846245530394 0.013343941409449514
4 0.43514015076297197 0.6558103734694445 0.05054759898904802 0.13110846245530394 0.013343941409449514
30 0.145095809165317 0.29947392432069136 0.1971356360572873 0.5721096543504172 0.013343941409449514
5 0.162613600744389 0.7537541845382278 0.18365627632687448 0.13587604290822408 0.013343941409449514
32 0.47290102428781894 0.2481233349696905 0.17017691659646167 0.4719904648390942 0.013343941409449514
32 0.5270430483852921 0.29700376545412244 0.16849199663016007 0.47437425506555425 0.013343941409449514
5 0.34719272982438376 0.6575756253633174 0.10109519797809605 0.2693682955899881 0.013343941409449514
10 0.8055461440292304 0.3796775542621389 0.12299915754001685 0.3575685339690107 0.013343941409449514
10 0.8858546207454189 0.3860544384639948 0.11794439764111204 0.33849821215733017 0.013343941409449514
10 0.7002073005505983 0.8092392821734213 0.12636899747262004 0.3575685339690107 0.013343941409449514
10 0.7852714066818974 0.8156588591220338 0.11794439764111204 0.33849821215733017 0.013343941409449514
