42 0.13019147438250855 0.6341906046068361 0.140084388185654 0.6618357487922706 0.017942235319431815
20 0.21646642968393648 0.8122633925843882 0.060759493670886074 0.3285024154589372 0.017942235319431815
5 0.259259982279622 0.7334191518529241 0.032067510548523206 0.11594202898550725 0.017942235319431815
6 0.3528871506747566 0.8679212525557685 0.032067510548523206 0.0748792270531401 0.017942235319431815
6 0.40200780798938546 0.8525780317353682 0.030379746835443037 0.07729468599033816 0.017942235319431815
30 0.479141618764885 0.4339821459052354 0.28354430379746837 0.5748792270531401 0.017942235319431815
16 0.6067704550557628 0.1911876808670682 0.2379746835443038 0.38768115942028986 0.017942235319431815
5 0.6756866201168413 0.13678533208697788 0.11983122362869199 0.18115942028985507 0.017942235319431815
30 0.8651490050253138 0.47230474032131403 0.1670886075949367 0.5990338164251208 0.017942235319431815
5 0.6507775199061893 0.8691827955318927 0.08270042194092828 0.18840579710144928 0.017942235319431815
