10 0.11952861952861953 0.3997569866342649 0.04713804713804714 0.30133657351154314
5 0.1994949494949495 0.4945321992709599 0.09595959595959595 0.6221142162818954
5 0.13131313131313133 0.7466585662211421 0.06228956228956229 0.28554070473876064
5 0.3581649831649832 0.9246658566221142 0.17087542087542087 0.05589307411907655
5 0.4819023569023569 0.7284325637910085 0.04461279461279461 0.25880923450789795
5 0.6856060606060606 0.8772782503037667 0.1691919191919192 0.05589307411907655
10 0.7803030303030303 0.2235722964763062 0.05723905723905724 0.33292831105710813
10 0.8442760942760943 0.20959902794653706 0.05555555555555555 0.33414337788578374
15 0.8131313131313131 0.6549210206561361 0.06228956228956229 0.3718104495747266
32 0.5223063973063973 0.3043742405832321 0.08501683501683502 0.44835965978128794
32 0.4414983164983165 0.32260024301336576 0.09006734006734007 0.44835965978128794
