10 0.10165947475523096 0.2104105701881119 0.041916167664670656 0.34172661870503596 0.036240895071142504
36 0.40799346376660517 0.32578366953874194 0.0932420872540633 0.5491606714628298 0.036240895071142504
22 0.7761664349519753 0.24857021915473274 0.06330196749358426 0.38369304556354916 0.036240895071142504
16 0.8876177968642085 0.25743747856577903 0.06843455945252352 0.4148681055155875 0.036240895071142504
15 0.17463588009411946 0.758418853766728 0.04961505560307956 0.3800959232613909 0.036240895071142504
5 0.33676448458128333 0.958877992187079 0.1822070145423439 0.04316546762589928 0.036240895071142504
15 0.43944963548433047 0.7420476808424289 0.04362703165098375 0.3908872901678657 0.036240895071142504
15 0.5574639951902858 0.7547799386202177 0.0427715996578272 0.37889688249400477 0.036240895071142504
16 0.8366624652481383 0.7292258964299652 0.06672369546621043 0.4088729016786571 0.036240895071142504
22 0.8757693858182026 0.714302698338055 0.0641573994867408 0.38609112709832133 0.036240895071142504
