20 0.24872080861706058 0.2750209342895749 0.04201680672268908 0.3253588516746411
10 0.2931033315061436 0.2259698689314681 0.052100840336134456 0.36004784688995217
10 0.5036647050979183 0.7977498432475657 0.04957983193277311 0.35406698564593303
10 0.22358315959536706 0.7525508079918397 0.0546218487394958 0.3684210526315789
32 0.35543046363254877 0.6932882851972423 0.06890756302521009 0.4784688995215311
20 0.6240125526801072 0.8039650848388563 0.034453781512605045 0.319377990430622
20 0.43166229880392365 0.28157361223577154 0.03277310924369748 0.3253588516746411
15 0.4946973622553263 0.2891713341247819 0.043697478991596636 0.39593301435406697
13 0.8748436908754824 0.8681737012087238 0.02100840336134454 0.20095693779904306
13 0.8689871750145679 0.29807457456556674 0.0226890756302521 0.20813397129186603
