4 0.8169723495802863 0.8621778095886636 0.05509641873278237 0.1507177033492823 0.12237178151930479
4 0.8723751910570381 0.7250514024217395 0.05325987144168962 0.14832535885167464 0.12237178151930479
4 0.8592623009932042 0.5597694588101737 0.06060606060606061 0.15311004784688995 0.12237178151930479
4 0.8437023665021036 0.34341676955244504 0.13957759412304868 0.05263157894736842 0.12237178151930479
4 0.7017356883623036 0.437595950195942 0.1349862258953168 0.03110047846889952 0.12237178151930479
4 0.6265010032644187 0.3594298714370411 0.07529843893480258 0.18181818181818182 0.12237178151930479
4 0.7415233395738672 0.5067807148987354 0.07346189164370982 0.17942583732057416 0.12237178151930479
10 0.27897764783917833 0.13384813170125998 0.11386593204775022 0.33014354066985646 0.12237178151930479
15 0.38876790165763997 0.2244712934336235 0.12304866850321396 0.3827751196172249 0.12237178151930479
32 0.32988832504826965 0.6164147495594339 0.17998163452708907 0.47607655502392343 0.12237178151930479
10 0.37283571013528344 0.44393671557819825 0.1248852157943067 0.3397129186602871 0.12237178151930479
5 0.4684236777765643 0.7469809252609195 0.14692378328741965 0.39712918660287083 0.12237178151930479
