5 0.1938142612518117 0.2272671410013331 0.14678899082568808 0.27743526510480887 0.044866927078974356
15 0.06602893888720819 0.568960935541075 0.19349457881567975 0.37361282367447596 0.044866927078974356
10 0.07145811202586312 0.41960738141126025 0.12593828190158465 0.27003699136868065 0.044866927078974356
10 0.5720876238810497 0.37899190905038804 0.18765638031693077 0.3625154130702836 0.044866927078974356
15 0.4406844704516861 0.7827911924438816 0.19766472060050042 0.4007398273736128 0.044866927078974356
10 0.46650562107625704 0.8176574555077823 0.18181818181818182 0.3600493218249075 0.044866927078974356
10 0.7226577511091922 0.3469241344546513 0.176814011676397 0.36621454993834773 0.044866927078974356
5 0.9088743555321083 0.3093509309954418 0.18098415346121768 0.19112207151664612 0.044866927078974356
32 0.8246843765046178 0.9453113580950994 0.15095913261050875 0.22441430332922319 0.044866927078974356
5 0.9475086527743933 0.6205823644379607 0.09674728940783987 0.1935881627620222 0.044866927078974356
4 0.9445944729485013 0.6894499643361661 0.11092577147623019 0.24167694204685575 0.044866927078974356
5 0.44427565855307977 0.9541011498130508 0.06922435362802336 0.11960542540073983 0.044866927078974356
