15 0.1633452860589062 0.32939185058847614 0.05944055944055944 0.363855421686747
5 0.26263694540516735 0.054489303155595775 0.18006993006993008 0.060240963855421686
20 0.4166582626371214 0.2747459845300931 0.04895104895104895 0.29397590361445786
5 0.6011381591743585 0.07195809439318042 0.17657342657342656 0.05542168674698795
20 0.8070458146681344 0.26845211600416463 0.0472027972027972 0.2963855421686747
20 0.8241446240496797 0.2048848953745499 0.04895104895104895 0.29156626506024097
10 0.1882304892358186 0.6891029463268369 0.06468531468531469 0.3349397590361446
15 0.20853268009956452 0.7758538210317941 0.05944055944055944 0.3686746987951807
20 0.5678601705607427 0.6347227541287446 0.043706293706293704 0.2963855421686747
11 0.5412043132247913 0.6220440878909432 0.08391608391608392 0.43614457831325304
22 0.8215207189884803 0.5788448607526291 0.09090909090909091 0.3759036144578313
11 0.9293449454576178 0.5318244831492199 0.07342657342657342 0.363855421686747
15 0.0941922684250315 0.27197847744016146 0.06468531468531469 0.3614457831325301
6 0.045993336552217275 0.211824482310668 0.043706293706293704 0.021686746987951807
6 0.2595369108499605 0.21146611330392645 0.04195804195804196 0.02650602409638554
