5 0.28249516550967396 0.5641209281268295 0.04521739130434783 0.17964071856287425 0.0738801320704108
5 0.3174678108421231 0.5527984285100844 0.050434782608695654 0.17485029940119762 0.0738801320704108
5 0.36068385576220463 0.24217040639997284 0.08347826086956522 0.4167664670658683 0.0738801320704108
15 0.6559486950125357 0.26648559468007027 0.07652173913043478 0.3904191616766467 0.0738801320704108
10 0.7551351970120769 0.2791551695450808 0.07304347826086957 0.34251497005988024 0.0738801320704108
10 0.5687702989853725 0.7613001500722577 0.08347826086956522 0.33532934131736525 0.0738801320704108
10 0.6700249479981579 0.7840524915015401 0.08347826086956522 0.3401197604790419 0.0738801320704108
5 0.17544505212357664 0.24594283049045237 0.03826086956521739 0.16047904191616766 0.0738801320704108
5 0.10298312019097916 0.37230163337251104 0.036521739130434785 0.1532934131736527 0.0738801320704108
5 0.11543583981526656 0.5606124937983019 0.04 0.15808383233532936 0.0738801320704108
5 0.151414056401984 0.6460277309130521 0.08 0.05269461077844311 0.0738801320704108
