5 0.9496467422306447 0.0539758155358554 0.03225806451612903 0.023655913978494623 0.03473337018280361
14 0.9539775781987956 0.053802551430077256 0.060215053763440864 0.03655913978494624 0.03473337018280361
3 0.697128516894191 0.4027576941513453 0.021505376344086023 0.021505376344086023 0.03473337018280361
14 0.691701791280957 0.3534788667825128 0.047311827956989246 0.05161290322580645 0.03473337018280361
29 0.6429760421796392 0.3872514644204862 0.043010752688172046 0.047311827956989246 0.03473337018280361
3 0.7004749416096092 0.21451610878918503 0.025806451612903226 0.034408602150537634 0.03473337018280361
3 0.7210100069464269 0.306790692690022 0.04086021505376344 0.043010752688172046 0.03473337018280361
14 0.6756464853101563 0.25095870811985443 0.05591397849462366 0.07526881720430108 0.03473337018280361
49 0.6530522252693526 0.23345528200872226 0.06236559139784946 0.07096774193548387 0.03473337018280361
14 0.6397012055873906 0.21689901970507772 0.047311827956989246 0.05161290322580645 0.03473337018280361
14 0.6088590868401278 0.18244186276180394 0.04516129032258064 0.05161290322580645 0.03473337018280361
14 0.6186965189774465 0.2238837303240221 0.04516129032258064 0.05161290322580645 0.03473337018280361
14 0.6230207963410784 0.17175393869287836 0.047311827956989246 0.053763440860215055 0.03473337018280361
14 0.5520694328093616 0.1620184074722851 0.04516129032258064 0.053763440860215055 0.03473337018280361
49 0.41331672758997234 0.2520604728817871 0.034408602150537634 0.03870967741935484 0.03473337018280361
3 0.46714032494503777 0.31178977790857837 0.03870967741935484 0.03870967741935484 0.03473337018280361
3 0.46379945858495963 0.43576122711484977 0.010752688172043012 0.015053763440860216 0.03473337018280361
49 0.41907796126323776 0.38230570522790686 0.03870967741935484 0.03225806451612903 0.03473337018280361
29 0.32756163911379077 0.30057520134362437 0.04516129032258064 0.05806451612903226 0.03473337018280361
49 0.3073389341841398 0.2531499681999703 0.02795698924731183 0.03870967741935484 0.03473337018280361
49 0.286859806543683 0.22678895481024539 0.030107526881720432 0.043010752688172046 0.03473337018280361
5 0.3323739587483168 0.06227919922191488 0.10215053763440861 0.07849462365591398 0.03473337018280361
