39 0.010254545683460875 0.9110533759722864 0.017204301075268817 0.041935483870967745 0.11343467720654951
3 0.2262853466353444 0.7090125733514641 0.00967741935483871 0.016129032258064516 0.11343467720654951
3 0.18058438661034376 0.7395637600847421 0.00967741935483871 0.015053763440860216 0.11343467720654951
3 0.046515138071036716 0.5555349983555495 0.010752688172043012 0.024731182795698924 0.11343467720654951
39 0.1970939001055756 0.34791399834222636 0.01935483870967742 0.025806451612903226 0.11343467720654951
39 0.0344797171279243 0.43839159046482673 0.01935483870967742 0.026881720430107527 0.11343467720654951
39 0.321326726659304 0.262273265507472 0.023655913978494623 0.026881720430107527 0.11343467720654951
39 0.10157905440017445 0.29663981267697265 0.024731182795698924 0.02795698924731183 0.11343467720654951
39 0.3264365295981222 0.02467418948159178 0.034408602150537634 0.04516129032258064 0.11343467720654951
3 0.1801575465723599 0.21444267814906276 0.021505376344086023 0.02795698924731183 0.11343467720654951
3 0.15963343984327455 0.2106843225204551 0.015053763440860216 0.02903225806451613 0.11343467720654951
