5 0.6484035081131398 0.8256375677165324 0.005376344086021506 0.013978494623655914 0.027931615155397847
5 0.6520068166097988 0.8599192311039048 0.005376344086021506 0.012903225806451613 0.027931615155397847
5 0.6567349684353554 0.8161101353384791 0.005376344086021506 0.012903225806451613 0.027931615155397847
5 0.6236044181804777 0.8000037450933355 0.0032258064516129032 0.011827956989247311 0.027931615155397847
5 0.6401006695506323 0.829068326996041 0.005376344086021506 0.011827956989247311 0.027931615155397847
5 0.6329640572604137 0.829368913072422 0.005376344086021506 0.011827956989247311 0.027931615155397847
5 0.6233744502651344 0.847234245189471 0.005376344086021506 0.011827956989247311 0.027931615155397847
5 0.6484061648834124 0.7969849229729987 0.0064516129032258064 0.012903225806451613 0.027931615155397847
5 0.6499322203931327 0.7791652686827217 0.008602150537634409 0.013978494623655914 0.027931615155397847
5 0.6788564612834552 0.8096554506455248 0.0064516129032258064 0.012903225806451613 0.027931615155397847
5 0.658196602600286 0.8317656354355455 0.007526881720430108 0.013978494623655914 0.027931615155397847
5 0.6776052111336167 0.8358316375281666 0.0064516129032258064 0.012903225806451613 0.027931615155397847
5 0.6574262624184376 0.8108823858304268 0.005376344086021506 0.011827956989247311 0.027931615155397847
5 0.6533596313642924 0.8106704255393044 0.008602150537634409 0.012903225806451613 0.027931615155397847
5 0.6831665078926211 0.8405855917089722 0.010752688172043012 0.012903225806451613 0.027931615155397847
5 0.6445753007768182 0.7731111819053956 0.0064516129032258064 0.011827956989247311 0.027931615155397847
5 0.6605827363283066 0.7831532841074214 0.0064516129032258064 0.011827956989247311 0.027931615155397847
5 0.649762048025785 0.7634415905981062 0.013978494623655914 0.0064516129032258064 0.027931615155397847
5 0.6789652358358653 0.7944218091814601 0.015053763440860216 0.007526881720430108 0.027931615155397847
5 0.6372376250051258 0.7466688345124468 0.013978494623655914 0.005376344086021506 0.027931615155397847
5 0.637971006127942 0.756815465171832 0.013978494623655914 0.005376344086021506 0.027931615155397847
5 0.6177938347442931 0.7463836395915855 0.005376344086021506 0.00967741935483871 0.027931615155397847
5 0.6109574846054785 0.7422926215949988 0.005376344086021506 0.008602150537634409 0.027931615155397847
5 0.6615333879297052 0.74817629013217 0.004301075268817204 0.007526881720430108 0.027931615155397847
5 0.6261559781114754 0.7017521236207642 0.004301075268817204 0.007526881720430108 0.027931615155397847
5 0.646273611465164 0.6950009640293615 0.004301075268817204 0.007526881720430108 0.027931615155397847
5 0.6497765672160103 0.727167297117118 0.004301075268817204 0.007526881720430108 0.027931615155397847
5 0.6488782655423563 0.7509317093743395 0.005376344086021506 0.008602150537634409 0.027931615155397847
5 0.6735589959650153 0.6995899264862153 0.004301075268817204 0.007526881720430108 0.027931615155397847
5 0.672504642234629 0.7417897411892566 0.004301075268817204 0.007526881720430108 0.027931615155397847
5 0.670911912608497 0.7417208364466067 0.004301075268817204 0.007526881720430108 0.027931615155397847
5 0.6680404834136482 0.7636697404076386 0.004301075268817204 0.007526881720430108 0.027931615155397847
5 0.670192097947726 0.736403433210912 0.004301075268817204 0.007526881720430108 0.027931615155397847
5 0.7014790443578764 0.7415430763024291 0.004301075268817204 0.007526881720430108 0.027931615155397847
5 0.6525465673030234 0.7459444002698609 0.004301075268817204 0.007526881720430108 0.027931615155397847
5 0.6632579994885764 0.748433616114346 0.004301075268817204 0.007526881720430108 0.027931615155397847
5 0.6827370493148811 0.7409417608387527 0.004301075268817204 0.007526881720430108 0.027931615155397847
5 0.6794610590451798 0.7343351319414709 0.004301075268817204 0.007526881720430108 0.027931615155397847
5 0.6896781255313728 0.7221059009159271 0.004301075268817204 0.007526881720430108 0.027931615155397847
5 0.648713854012479 0.7274000949233619 0.004301075268817204 0.007526881720430108 0.027931615155397847
5 0.6216024694489906 0.7038066993394305 0.005376344086021506 0.008602150537634409 0.027931615155397847
5 0.6424434200051142 0.7228899524673247 0.005376344086021506 0.008602150537634409 0.027931615155397847
5 0.6339571370660981 0.7394780147781997 0.005376344086021506 0.008602150537634409 0.027931615155397847
5 0.6561148105150215 0.7262038619127722 0.005376344086021506 0.008602150537634409 0.027931615155397847
5 0.6612948036612685 0.700148283254835 0.005376344086021506 0.008602150537634409 0.027931615155397847
5 0.6438222639610663 0.7450718526116036 0.0064516129032258064 0.008602150537634409 0.027931615155397847
5 0.6080892698259251 0.7206483220504172 0.005376344086021506 0.008602150537634409 0.027931615155397847
3 0.6369050186515247 0.7550341112312521 0.015053763440860216 0.00967741935483871 0.027931615155397847
39 0.5681654067980682 0.725756356502193 0.007526881720430108 0.008602150537634409 0.027931615155397847
39 0.5585229325899547 0.7231847560926223 0.005376344086021506 0.00967741935483871 0.027931615155397847
3 0.551043744029878 0.716299193059606 0.004301075268817204 0.008602150537634409 0.027931615155397847
3 0.5288683569968237 0.7304471231201642 0.005376344086021506 0.012903225806451613 0.027931615155397847
39 0.5332113846259907 0.7414543179698891 0.010752688172043012 0.00967741935483871 0.027931615155397847
3 0.4912236824630349 0.7400594492628864 0.012903225806451613 0.0064516129032258064 0.027931615155397847
3 0.45931866166363244 0.7465672492780506 0.012903225806451613 0.005376344086021506 0.027931615155397847
3 0.46039826881859847 0.7459930552700029 0.013978494623655914 0.0064516129032258064 0.027931615155397847
39 0.606025972641093 0.7376548557689442 0.011827956989247311 0.02043010752688172 0.027931615155397847
39 0.6072705861729125 0.8097052764373238 0.010752688172043012 0.023655913978494623 0.027931615155397847
39 0.6044194948462412 0.8156619132325297 0.011827956989247311 0.017204301075268817 0.027931615155397847
39 0.5737626739402865 0.8165029430568517 0.011827956989247311 0.02043010752688172 0.027931615155397847
39 0.5697373340309012 0.8190310856308236 0.00967741935483871 0.01827956989247312 0.027931615155397847
39 0.5658158077237531 0.8169628477745161 0.008602150537634409 0.017204301075268817 0.027931615155397847
39 0.5579427244658215 0.8291842997265984 0.008602150537634409 0.01935483870967742 0.027931615155397847
39 0.52747890600142 0.796901318905841 0.00967741935483871 0.01827956989247312 0.027931615155397847
39 0.5355104202502081 0.8221246525545316 0.008602150537634409 0.01935483870967742 0.027931615155397847
39 0.5467985839642001 0.7830892122294404 0.007526881720430108 0.013978494623655914 0.027931615155397847
39 0.4661359194887742 0.8053554278687712 0.004301075268817204 0.012903225806451613 0.027931615155397847
39 0.4908425716470591 0.8164817038568117 0.0064516129032258064 0.012903225806451613 0.027931615155397847
39 0.49627855939123644 0.8314353268968484 0.005376344086021506 0.015053763440860216 0.027931615155397847
39 0.5177976774526288 0.8307980324715206 0.0064516129032258064 0.011827956989247311 0.027931615155397847
39 0.5288496134869418 0.8171877925122794 0.004301075268817204 0.011827956989247311 0.027931615155397847
39 0.46907115572327596 0.8244402324160834 0.008602150537634409 0.011827956989247311 0.027931615155397847
5 0.48700980002757266 0.8248660716577574 0.0064516129032258064 0.015053763440860216 0.027931615155397847
5 0.4903957675434376 0.8486551170661267 0.0064516129032258064 0.016129032258064516 0.027931615155397847
39 0.6144914267730688 0.8511067370012494 0.00967741935483871 0.015053763440860216 0.027931615155397847
39 0.5706181884959102 0.8539931599825045 0.007526881720430108 0.013978494623655914 0.027931615155397847
39 0.564649921588698 0.8515865976003019 0.008602150537634409 0.015053763440860216 0.027931615155397847
39 0.5499426523978873 0.8620896118925399 0.00967741935483871 0.012903225806451613 0.027931615155397847
39 0.5559030767838048 0.8583070618315624 0.008602150537634409 0.010752688172043012 0.027931615155397847
39 0.5391493438383691 0.8372542313100758 0.0064516129032258064 0.013978494623655914 0.027931615155397847
39 0.5037464126174835 0.8421556546673596 0.007526881720430108 0.013978494623655914 0.027931615155397847
39 0.5158908594743051 0.846924848703427 0.010752688172043012 0.016129032258064516 0.027931615155397847
39 0.598394074477778 0.8813380406025398 0.00967741935483871 0.015053763440860216 0.027931615155397847
39 0.5758299459869514 0.9152451082807155 0.007526881720430108 0.017204301075268817 0.027931615155397847
39 0.5206403322012938 0.870714864223122 0.008602150537634409 0.01827956989247312 0.027931615155397847
39 0.5550230881046037 0.854970356119968 0.007526881720430108 0.017204301075268817 0.027931615155397847
39 0.5274430599927381 0.8649444973622963 0.008602150537634409 0.01935483870967742 0.027931615155397847
39 0.5424711458583794 0.8901703977939939 0.008602150537634409 0.016129032258064516 0.027931615155397847
39 0.5058416380910288 0.922575220521678 0.005376344086021506 0.016129032258064516 0.027931615155397847
3 0.44473725802695824 0.9124231773362501 0.005376344086021506 0.012903225806451613 0.027931615155397847
3 0.39408023561166866 0.9014995655139574 0.005376344086021506 0.012903225806451613 0.027931615155397847
39 0.5410913747949538 0.8893631019299459 0.008602150537634409 0.015053763440860216 0.027931615155397847
39 0.5545355428609527 0.8772646408570766 0.00967741935483871 0.015053763440860216 0.027931615155397847
39 0.5571667295623657 0.9219812789735495 0.008602150537634409 0.015053763440860216 0.027931615155397847
39 0.5121371382468127 0.8843914081415295 0.00967741935483871 0.01827956989247312 0.027931615155397847
39 0.5331251812607024 0.9222069756605542 0.00967741935483871 0.017204301075268817 0.027931615155397847
39 0.5171461669770925 0.8964825647742398 0.00967741935483871 0.01827956989247312 0.027931615155397847
39 0.47820976681459193 0.904930057796009 0.013978494623655914 0.02043010752688172 0.027931615155397847
39 0.41847909089196966 0.9614476021284117 0.008602150537634409 0.015053763440860216 0.027931615155397847
39 0.4238819150173161 0.9222357503098979 0.00967741935483871 0.016129032258064516 0.027931615155397847
39 0.41326112204882215 0.9183130230500968 0.008602150537634409 0.025806451612903226 0.027931615155397847
3 0.4444922280399865 0.8777416975576064 0.02043010752688172 0.012903225806451613 0.027931615155397847
5 0.3430549191888636 0.9039035177190672 0.007526881720430108 0.01935483870967742 0.027931615155397847
39 0.3304675789367228 0.9049231130908313 0.008602150537634409 0.021505376344086023 0.027931615155397847
3 0.28523639667918954 0.9108689797463421 0.010752688172043012 0.02795698924731183 0.027931615155397847
39 0.3059429229237168 0.7990631005399454 0.02903225806451613 0.010752688172043012 0.027931615155397847
3 0.32518539130601315 0.7776000253751402 0.024731182795698924 0.00967741935483871 0.027931615155397847
39 0.3184412176421265 0.8533284149109952 0.02258064516129032 0.03978494623655914 0.027931615155397847
3 0.2728825466673501 0.8537906518645517 0.024731182795698924 0.01935483870967742 0.027931615155397847
5 0.2624617544219176 0.8832417042156797 0.02903225806451613 0.016129032258064516 0.027931615155397847
39 0.2860834678648851 0.8721566008054837 0.024731182795698924 0.01827956989247312 0.027931615155397847
39 0.2823908800577853 0.8680091678607796 0.03333333333333333 0.03118279569892473 0.027931615155397847
39 0.2574675001850425 0.8192735890252614 0.025806451612903226 0.023655913978494623 0.027931615155397847
39 0.29228983162928523 0.8259725569079364 0.03118279569892473 0.021505376344086023 0.027931615155397847
5 0.26739790308540407 0.8012383221295803 0.02903225806451613 0.021505376344086023 0.027931615155397847
39 0.16479776691396147 0.8195101314349456 0.02903225806451613 0.015053763440860216 0.027931615155397847
39 0.18852205928248833 0.7967139559470788 0.04408602150537634 0.017204301075268817 0.027931615155397847
39 0.8123959834782878 0.4775067682320882 0.03763440860215054 0.01827956989247312 0.027931615155397847
3 0.7315017493265635 0.4802811785821587 0.00967741935483871 0.021505376344086023 0.027931615155397847
3 0.8072573276334303 0.5140133978877215 0.007526881720430108 0.01827956989247312 0.027931615155397847
3 0.8494375341885566 0.5090733100156091 0.02043010752688172 0.011827956989247311 0.027931615155397847
3 0.8311386050452921 0.5370460381315455 0.01935483870967742 0.012903225806451613 0.027931615155397847
39 0.8632539977021387 0.5830412912194375 0.025806451612903226 0.030107526881720432 0.027931615155397847
3 0.14583526252364623 0.571768278170602 0.03870967741935484 0.035483870967741936 0.027931615155397847
39 0.2532485531494569 0.6186297025278151 0.03225806451612903 0.03225806451612903 0.027931615155397847
39 0.3128467432786654 0.5645202194672339 0.035483870967741936 0.03333333333333333 0.027931615155397847
39 0.4149443225990328 0.5171278920453162 0.03118279569892473 0.024731182795698924 0.027931615155397847
39 0.49227666796684616 0.5117594798378278 0.026881720430107527 0.01827956989247312 0.027931615155397847
39 0.5932556461409454 0.5180424315299831 0.030107526881720432 0.02795698924731183 0.027931615155397847
39 0.5378029221047238 0.4259506917433448 0.034408602150537634 0.02258064516129032 0.027931615155397847
39 0.48600476765391226 0.40727750524444867 0.03763440860215054 0.023655913978494623 0.027931615155397847
39 0.32549542436421697 0.48040150606951754 0.035483870967741936 0.023655913978494623 0.027931615155397847
39 0.19361774997921463 0.4766078360092191 0.03333333333333333 0.023655913978494623 0.027931615155397847
39 0.10723426201522834 0.5130583675439587 0.03978494623655914 0.02903225806451613 0.027931615155397847
39 0.034567386263424586 0.4114410775979527 0.035483870967741936 0.02258064516129032 0.027931615155397847
39 0.17620577485125416 0.35915567981797303 0.04086021505376344 0.025806451612903226 0.027931615155397847
39 0.2996614820671127 0.35464793055015836 0.03333333333333333 0.024731182795698924 0.027931615155397847
39 0.37902044667291 0.2804536928757423 0.03870967741935484 0.017204301075268817 0.027931615155397847
39 0.5023454611931863 0.2554729243573579 0.03225806451612903 0.015053763440860216 0.027931615155397847
39 0.12198266621197319 0.1978899250080398 0.03655913978494624 0.02258064516129032 0.027931615155397847
39 0.2641809363042624 0.08410925783105433 0.04408602150537634 0.02903225806451613 0.027931615155397847
39 0.3736187482302295 0.043697176872716376 0.046236559139784944 0.030107526881720432 0.027931615155397847
3 0.5100440041081348 0.04589852124373245 0.03655913978494624 0.023655913978494623 0.027931615155397847
