3 0.4053675049359523 0.1785066463159971 0.02795698924731183 0.021505376344086023
3 0.6693589521830327 0.8092614882160812 0.023655913978494623 0.021505376344086023
3 0.6581570695039509 0.8191036792610332 0.025806451612903226 0.021505376344086023
3 0.6314629292389401 0.6075486729481124 0.03655913978494624 0.034408602150537634
39 0.6096354451685995 0.5753644894590845 0.03655913978494624 0.025806451612903226
49 0.47615803839917753 0.5718829481232298 0.021505376344086023 0.01935483870967742
5 0.4733301071574299 0.6437661347797706 0.04516129032258064 0.05161290322580645
5 0.41939405054718193 0.5967302119425981 0.021505376344086023 0.017204301075268817
49 0.4766841440273274 0.6089099390885298 0.023655913978494623 0.017204301075268817
49 0.4569711907863578 0.5956663839151036 0.03225806451612903 0.025806451612903226
3 0.47963161022144385 0.6291848610577296 0.023655913978494623 0.021505376344086023
3 0.4441668323000675 0.6183510333778366 0.01935483870967742 0.01935483870967742
3 0.42913295334487217 0.6461927636091035 0.025806451612903226 0.025806451612903226
49 0.40107238537938067 0.6354854692446631 0.030107526881720432 0.03225806451612903
49 0.47310594553254204 0.7214378882950729 0.04086021505376344 0.04086021505376344
49 0.43536643078972054 0.7033273000703374 0.05161290322580645 0.05161290322580645
49 0.39764036594211927 0.6615299945588413 0.047311827956989246 0.04946236559139785
3 0.35598795539734424 0.7023950615989947 0.03870967741935484 0.04086021505376344
3 0.3193921951931076 0.6591410439283318 0.047311827956989246 0.05161290322580645
5 0.39556957495100437 0.7425813548136349 0.05806451612903226 0.060215053763440864
3 0.31511706977699055 0.8516375565012182 0.02795698924731183 0.01935483870967742
3 0.3538151706644386 0.7988439077476305 0.023655913978494623 0.023655913978494623
39 0.32260594008231824 0.7355459816046362 0.034408602150537634 0.03225806451612903
49 0.23332545378634556 0.7139733425438971 0.030107526881720432 0.02795698924731183
49 0.32476129218539257 0.807525003221839 0.060215053763440864 0.05591397849462366
49 0.2738622650025095 0.7574067630696206 0.06451612903225806 0.06881720430107527
49 0.2206303377838775 0.742892152124029 0.03870967741935484 0.03870967741935484
49 0.21512451175057232 0.7730671842460325 0.025806451612903226 0.02795698924731183
30 0.6117889550589025 0.3528134986701602 0.1032258064516129 0.09462365591397849
5 0.23547985849292255 0.3333438223825618 0.23655913978494625 0.1032258064516129
