5 0.3427441693481471 0.17743969850233574 0.03978494623655914 0.13333333333333333 0.04429668478547984
49 0.33756644807539876 0.03828660052143876 0.046236559139784944 0.16666666666666666 0.04429668478547984
12 0.6187402339407253 0.002305007694453567 0.02043010752688172 0.02795698924731183 0.04429668478547984
30 0.5417972349905562 0.182654488594599 0.06666666666666667 0.13763440860215054 0.04429668478547984
39 0.9245694259579518 0.09575583885300484 0.034408602150537634 0.030107526881720432 0.04429668478547984
39 0.9252555242674595 0.21980368618920187 0.03225806451612903 0.030107526881720432 0.04429668478547984
39 0.8717035430693213 0.18110203518948736 0.03655913978494624 0.03225806451612903 0.04429668478547984
39 0.8437537493374471 0.11977157957575171 0.04086021505376344 0.023655913978494623 0.04429668478547984
39 0.7922997266463162 0.35704923493593854 0.043010752688172046 0.03655913978494624 0.04429668478547984
49 0.9879374406594121 0.7991198335307335 0.041935483870967745 0.03978494623655914 0.04429668478547984
39 0.9826201226906393 0.5458105172724352 0.00967741935483871 0.011827956989247311 0.04429668478547984
3 0.959803996920428 0.5239931469735749 0.021505376344086023 0.017204301075268817 0.04429668478547984
39 0.9507843492623721 0.5814145636307037 0.06451612903225806 0.053763440860215055 0.04429668478547984
39 0.776619652392931 0.9826487990882288 0.043010752688172046 0.02043010752688172 0.04429668478547984
3 0.858815320456312 0.7470770668962522 0.04946236559139785 0.04086021505376344 0.04429668478547984
49 0.4725172915146397 0.9263993693564951 0.02795698924731183 0.030107526881720432 0.04429668478547984
39 0.5049632957159476 0.7812425886609308 0.034408602150537634 0.03870967741935484 0.04429668478547984
