49 0.3614488606923556 0.9763052446711391 0.04946236559139785 0.04516129032258064 0.000143055623007024
12 0.5656812453798645 0.9732615480980462 0.023655913978494623 0.053763440860215055 0.000143055623007024
3 0.7145812861191164 0.7397718521359845 0.00967741935483871 0.025806451612903226 0.000143055623007024
3 0.6962220794004081 0.7424892789566501 0.011827956989247311 0.035483870967741936 0.000143055623007024
5 0.6817137761756021 0.7467671803512848 0.012903225806451613 0.03978494623655914 0.000143055623007024
3 0.6697332896827604 0.7479101757365769 0.008602150537634409 0.01827956989247312 0.000143055623007024
3 0.6773889719310411 0.7844315122402239 0.010752688172043012 0.024731182795698924 0.000143055623007024
49 0.8849124954319472 0.785950300010072 0.03225806451612903 0.02795698924731183 0.000143055623007024
3 0.8935781496161774 0.7976901828166533 0.043010752688172046 0.030107526881720432 0.000143055623007024
3 0.8968859310336896 0.8118362715799927 0.04086021505376344 0.02795698924731183 0.000143055623007024
49 0.8999966947310512 0.8257983801681206 0.03655913978494624 0.030107526881720432 0.000143055623007024
3 0.9107113937852203 0.8537288381240513 0.043010752688172046 0.03225806451612903 0.000143055623007024
3 0.8805560462108977 0.7709271205114131 0.03655913978494624 0.030107526881720432 0.000143055623007024
3 0.873211782733745 0.7559662365747659 0.03225806451612903 0.025806451612903226 0.000143055623007024
3 0.8645402349956546 0.735509721035204 0.025806451612903226 0.017204301075268817 0.000143055623007024
3 0.8579335301155291 0.721237036701897 0.01935483870967742 0.015053763440860216 0.000143055623007024
3 0.8247395925655632 0.7344131456522308 0.03225806451612903 0.01935483870967742 0.000143055623007024
3 0.8281181173972944 0.7474642592942305 0.03655913978494624 0.023655913978494623 0.000143055623007024
3 0.8301247507890057 0.7657662495522364 0.043010752688172046 0.030107526881720432 0.000143055623007024
39 0.8419855933465484 0.807553714137436 0.043010752688172046 0.021505376344086023 0.000143055623007024
39 0.8462085591014747 0.8214811642363774 0.04086021505376344 0.01935483870967742 0.000143055623007024
39 0.8473343231323827 0.8365652840784915 0.04946236559139785 0.021505376344086023 0.000143055623007024
25 0.8570704141211872 0.8669528413853007 0.047311827956989246 0.030107526881720432 0.000143055623007024
25 0.8633772571563976 0.8828733602152067 0.047311827956989246 0.02795698924731183 0.000143055623007024
49 0.8937258965944409 0.8975786854006914 0.04516129032258064 0.030107526881720432 0.000143055623007024
25 0.9602220593529963 0.8984964710173452 0.07096774193548387 0.03118279569892473 0.000143055623007024
