12 0.937149183502275 0.9742292747441301 0.025806451612903226 0.03333333333333333 0.044541176640509786
49 0.9402247263087342 0.9121193646998724 0.023655913978494623 0.030107526881720432 0.044541176640509786
3 0.9911379976260184 0.7440080712680142 0.026881720430107527 0.010752688172043012 0.044541176640509786
49 0.9309251030099538 0.717814497596132 0.011827956989247311 0.03118279569892473 0.044541176640509786
49 0.8845837849190261 0.7226881507466785 0.030107526881720432 0.08387096774193549 0.044541176640509786
12 0.8890975565522098 0.7536169041298449 0.03225806451612903 0.07956989247311828 0.044541176640509786
49 0.8478297920517679 0.7390106471470916 0.023655913978494623 0.05161290322580645 0.044541176640509786
49 0.8527223108366666 0.7284588846993817 0.015053763440860216 0.034408602150537634 0.044541176640509786
49 0.7836619037510202 0.7778523725935745 0.012903225806451613 0.030107526881720432 0.044541176640509786
49 0.8271339164188203 0.7933517926179712 0.010752688172043012 0.023655913978494623 0.044541176640509786
49 0.8508214856305856 0.8108818131716458 0.017204301075268817 0.01935483870967742 0.044541176640509786
49 0.8474305699345539 0.8192014920624744 0.017204301075268817 0.047311827956989246 0.044541176640509786
49 0.7992196212538056 0.8660728068751187 0.012903225806451613 0.043010752688172046 0.044541176640509786
49 0.8382389454001344 0.8221768159421938 0.012903225806451613 0.043010752688172046 0.044541176640509786
49 0.8623864682524257 0.8641705590037644 0.01935483870967742 0.07741935483870968 0.044541176640509786
49 0.8704947275726506 0.8031886273512313 0.023655913978494623 0.07956989247311828 0.044541176640509786
49 0.8590587372208462 0.8523282471080976 0.01935483870967742 0.08817204301075268 0.044541176640509786
49 0.8051369286033148 0.8996024723612969 0.023655913978494623 0.09032258064516129 0.044541176640509786
12 0.8453086864520035 0.9382891037929707 0.015053763440860216 0.053763440860215055 0.044541176640509786
12 0.9276479363071741 0.9046775028099051 0.025806451612903226 0.1032258064516129 0.044541176640509786
14 0.8275168974600816 0.29054516973869365 0.11397849462365592 0.024731182795698924 0.044541176640509786
3 0.7700244486264026 0.2969254566911555 0.11290322580645161 0.026881720430107527 0.044541176640509786
3 0.6067391960195598 0.2818824483642445 0.05806451612903226 0.01827956989247312 0.044541176640509786
30 0.7089232155868508 0.28005570666370727 0.2 0.03978494623655914 0.044541176640509786
49 0.42737071509695346 0.24640635539560402 0.10967741935483871 0.024731182795698924 0.044541176640509786
5 0.1760817499409124 0.24675147279877888 0.0913978494623656 0.023655913978494623 0.044541176640509786
