3 0.7070548839314226 0.791555085957972 0.03763440860215054 0.011827956989247311 0.025971100254777987
3 0.7408466316906737 0.7947168470254147 0.03978494623655914 0.00967741935483871 0.025971100254777987
49 0.7755530824423215 0.8507141498539043 0.06451612903225806 0.017204301075268817 0.025971100254777987
3 0.7156461268484923 0.870818545958193 0.04516129032258064 0.017204301075268817 0.025971100254777987
3 0.7478722688689361 0.885252877922783 0.05161290322580645 0.023655913978494623 0.025971100254777987
25 0.7442142525166701 0.8544342107164401 0.053763440860215055 0.025806451612903226 0.025971100254777987
25 0.7299742680872894 0.888744523927883 0.05161290322580645 0.025806451612903226 0.025971100254777987
4 0.5838158035198635 0.8779598449676157 0.13118279569892474 0.030107526881720432 0.025971100254777987
4 0.5546295992128358 0.8325643280498717 0.12903225806451613 0.030107526881720432 0.025971100254777987
4 0.6108268982234283 0.8546591047942718 0.1956989247311828 0.034408602150537634 0.025971100254777987
4 0.6123772958564208 0.7988396172988773 0.1956989247311828 0.03655913978494624 0.025971100254777987
4 0.587107758947891 0.7730504646726275 0.10967741935483871 0.030107526881720432 0.025971100254777987
4 0.5953771474654697 0.7496418250477253 0.10752688172043011 0.02795698924731183 0.025971100254777987
30 0.5809315828504168 0.7932125893631505 0.08817204301075268 0.02795698924731183 0.025971100254777987
30 0.5953980748289828 0.6994646360934038 0.09032258064516129 0.02795698924731183 0.025971100254777987
