5 0.5158757780190711 0.9961018937137653 0.04946236559139785 0.041935483870967745 0.04371082846868492
14 0.4866600358169558 0.9721331759140476 0.02795698924731183 0.026881720430107527 0.04371082846868492
3 0.5320326514364778 0.8748842357261141 0.017204301075268817 0.04086021505376344 0.04371082846868492
14 0.4702257400837099 0.924695225072652 0.02795698924731183 0.08494623655913978 0.04371082846868492
14 0.6189838979920299 0.013216506285718552 0.06451612903225806 0.05591397849462366 0.04371082846868492
49 0.4383038704127252 0.7971389426077716 0.054838709677419356 0.07849462365591398 0.04371082846868492
49 0.46670155448350176 0.7859106890141261 0.046236559139784944 0.06559139784946237 0.04371082846868492
49 0.4832887327304121 0.7295181923049223 0.04838709677419355 0.06344086021505377 0.04371082846868492
49 0.35598582255667105 0.7198323145704065 0.054838709677419356 0.07849462365591398 0.04371082846868492
49 0.4480939890228184 0.6899836886653667 0.05698924731182796 0.06559139784946237 0.04371082846868492
39 0.4697740156757276 0.4691586099810013 0.05268817204301075 0.013978494623655914 0.04371082846868492
49 0.4433915194716971 0.6016812167731488 0.046236559139784944 0.06989247311827956 0.04371082846868492
49 0.350437080710172 0.5755759027753846 0.07204301075268817 0.07419354838709677 0.04371082846868492
49 0.4659957482217946 0.577973993672944 0.060215053763440864 0.06344086021505377 0.04371082846868492
49 0.45546831078719713 0.49643114421409507 0.06989247311827956 0.02903225806451613 0.04371082846868492
49 0.46122230414323445 0.45406490691005547 0.05268817204301075 0.035483870967741936 0.04371082846868492
49 0.4646409779377962 0.45769397529782146 0.04408602150537634 0.04408602150537634 0.04371082846868492
49 0.44100540942774613 0.38031300804703794 0.05591397849462366 0.017204301075268817 0.04371082846868492
12 0.575124051946543 0.17939691978858036 0.041935483870967745 0.03763440860215054 0.04371082846868492
12 0.586047360971867 0.1766601470506842 0.07634408602150537 0.07849462365591398 0.04371082846868492
12 0.6493253969677073 0.1598618744855455 0.07634408602150537 0.07741935483870968 0.04371082846868492
25 0.6281440288281764 0.2005736455805589 0.11827956989247312 0.11720430107526882 0.04371082846868492
