49 0.9019726110958515 0.5939476640273996 0.08494623655913978 0.07311827956989247 0.0037836144695812743
49 0.33248089402517306 0.9246359086545305 0.054838709677419356 0.07849462365591398 0.0037836144695812743
49 0.3592063909462219 0.9339523153267373 0.046236559139784944 0.06559139784946237 0.0037836144695812743
49 0.35670630020770594 0.8793414240200299 0.04838709677419355 0.06344086021505377 0.0037836144695812743
49 0.3265862123380568 0.8582106701155837 0.054838709677419356 0.07849462365591398 0.0037836144695812743
49 0.3135838455909692 0.8138022144874766 0.05698924731182796 0.06666666666666667 0.0037836144695812743
39 0.31297657068639156 0.6004067145932563 0.05268817204301075 0.013978494623655914 0.0037836144695812743
49 0.30963320992802085 0.7370500360585237 0.046236559139784944 0.06989247311827956 0.0037836144695812743
49 0.316826073450393 0.6898591330034547 0.07204301075268817 0.07419354838709677 0.0037836144695812743
49 0.30564880007668177 0.6490885623119622 0.05913978494623656 0.06451612903225806 0.0037836144695812743
49 0.31961619491174564 0.6224813345190489 0.06989247311827956 0.02903225806451613 0.0037836144695812743
49 0.33721846373776426 0.5917401944630911 0.05268817204301075 0.035483870967741936 0.0037836144695812743
49 0.3284852013703953 0.5570424882149572 0.04408602150537634 0.04408602150537634 0.0037836144695812743
49 0.33055544990938224 0.5415219084105698 0.05591397849462366 0.017204301075268817 0.0037836144695812743
3 0.5391406797563735 0.06890614208226764 0.024731182795698924 0.01827956989247312 0.0037836144695812743
14 0.5102293165072995 0.13096148451623416 0.0913978494623656 0.12150537634408602 0.0037836144695812743
12 0.4449712203725054 0.28310893817694205 0.041935483870967745 0.03763440860215054 0.0037836144695812743
12 0.49745835645286657 0.28891627741735953 0.07634408602150537 0.07849462365591398 0.0037836144695812743
12 0.5165551285404915 0.3048884329081289 0.07634408602150537 0.07741935483870968 0.0037836144695812743
25 0.5308469629981164 0.3312238890052216 0.11720430107526882 0.11720430107526882 0.0037836144695812743
