12 0.9926178331987775 0.652187734108572 0.053763440860215055 0.1086021505376344 0.020727366313483594
12 0.798518688947795 0.8701297209875121 0.07526881720430108 0.08387096774193549 0.020727366313483594
12 0.7467830170964808 0.8777366200864065 0.06881720430107527 0.08172043010752689 0.020727366313483594
12 0.7563347029899702 0.869009480606053 0.06666666666666667 0.07956989247311828 0.020727366313483594
12 0.7520940676691626 0.8889975909316032 0.06881720430107527 0.08387096774193549 0.020727366313483594
12 0.7319000686716893 0.9092333989066191 0.02795698924731183 0.03225806451612903 0.020727366313483594
12 0.7250848333947035 0.9102426621845767 0.02795698924731183 0.03225806451612903 0.020727366313483594
12 0.7138666672724856 0.9275945245733499 0.025806451612903226 0.030107526881720432 0.020727366313483594
12 0.701194600104308 0.9272066656074328 0.023655913978494623 0.02795698924731183 0.020727366313483594
3 0.6860648911220494 0.8728270436690261 0.021505376344086023 0.015053763440860216 0.020727366313483594
