12 0.8703381845819136 0.7752050281746754 0.054838709677419356 0.08279569892473118 0.08382901246394278
12 0.9172396829871581 0.8257096434580335 0.07419354838709677 0.08172043010752689 0.08382901246394278
12 0.8936757399206784 0.865147137372849 0.06774193548387097 0.07956989247311828 0.08382901246394278
12 0.8402814887499159 0.8761685951015836 0.06559139784946237 0.07741935483870968 0.08382901246394278
12 0.8260763983843898 0.9205053766843161 0.06774193548387097 0.08172043010752689 0.08382901246394278
12 0.844812834707526 0.994433572209811 0.025806451612903226 0.030107526881720432 0.08382901246394278
12 0.9016992630385383 0.9480532015049222 0.025806451612903226 0.030107526881720432 0.08382901246394278
12 0.8145943415887794 0.943743406820902 0.024731182795698924 0.02795698924731183 0.08382901246394278
12 0.8903942036300304 0.9441776951566495 0.023655913978494623 0.026881720430107527 0.08382901246394278
3 0.8139231283501758 0.9037197846901218 0.02043010752688172 0.013978494623655914 0.08382901246394278
