5 0.9919354838709677 0.24946236559139784 0.013978494623655914 0.012903225806451613
3 0.9854838709677419 0.2435483870967742 0.02043010752688172 0.01827956989247312
5 0.9741935483870968 0.260752688172043 0.023655913978494623 0.024731182795698924
5 0.975268817204301 0.2747311827956989 0.03655913978494624 0.03763440860215054
5 0.9596774193548387 0.27419354838709675 0.02258064516129032 0.030107526881720432
5 0.9532258064516129 0.27903225806451615 0.02043010752688172 0.02903225806451613
3 0.9397849462365592 0.2768817204301075 0.021505376344086023 0.02258064516129032
3 0.9026881720430108 0.30913978494623656 0.024731182795698924 0.03118279569892473
5 0.9424731182795699 0.3010752688172043 0.046236559139784944 0.053763440860215055
5 0.9327956989247311 0.3102150537634409 0.041935483870967745 0.04838709677419355
5 0.896236559139785 0.31989247311827956 0.035483870967741936 0.046236559139784944
5 0.8758064516129033 0.3139784946236559 0.02043010752688172 0.025806451612903226
5 0.864516129032258 0.3204301075268817 0.017204301075268817 0.021505376344086023
3 0.8596774193548387 0.328494623655914 0.026881720430107527 0.024731182795698924
3 0.853763440860215 0.3365591397849462 0.03655913978494624 0.03655913978494624
5 0.8413978494623656 0.34301075268817205 0.03333333333333333 0.03655913978494624
5 0.8032258064516129 0.3596774193548387 0.023655913978494623 0.02903225806451613
5 0.7951612903225806 0.3634408602150538 0.02258064516129032 0.025806451612903226
3 0.7838709677419354 0.3634408602150538 0.01935483870967742 0.015053763440860216
49 0.9580645161290322 0.5645161290322581 0.03870967741935484 0.03870967741935484
12 0.9139784946236559 0.5225806451612903 0.043010752688172046 0.04086021505376344
12 0.867741935483871 0.47956989247311826 0.03655913978494624 0.034408602150537634
5 0.8225806451612904 0.4397849462365591 0.043010752688172046 0.03870967741935484
12 0.7795698924731183 0.3989247311827957 0.04086021505376344 0.03655913978494624
12 0.8569892473118279 0.2172043010752688 0.06451612903225806 0.047311827956989246
5 0.7580645161290323 0.26881720430107525 0.09462365591397849 0.06236559139784946
3 0.6720430107526881 0.3150537634408602 0.02795698924731183 0.021505376344086023
3 0.6397849462365591 0.289247311827957 0.025806451612903226 0.021505376344086023
49 0.6064516129032258 0.26666666666666666 0.025806451612903226 0.021505376344086023
5 0.4935483870967742 0.17849462365591398 0.08817204301075268 0.07096774193548387
5 0.5043010752688172 0.16021505376344086 0.08387096774193549 0.06881720430107527
5 0.4150537634408602 0.0956989247311828 0.07956989247311828 0.06881720430107527
5 0.3989247311827957 0.11182795698924732 0.09462365591397849 0.07741935483870968
5 0.3172043010752688 0.02903225806451613 0.017204301075268817 0.015053763440860216
5 0.06989247311827956 0.25591397849462366 0.06451612903225806 0.08172043010752689
5 0.3365591397849462 0.015053763440860216 0.017204301075268817 0.012903225806451613
5 0.32150537634408605 0.04838709677419355 0.021505376344086023 0.02795698924731183
3 0.3333333333333333 0.07096774193548387 0.015053763440860216 0.017204301075268817
