5 0.12703879104283333 0.9812928353828757 0.015053763440860216 0.023655913978494623 0.020302680172997134
5 0.14751586245157366 0.9805202433128458 0.01827956989247312 0.02903225806451613 0.020302680172997134
5 0.14307667243010527 0.907024054283523 0.011827956989247311 0.02795698924731183 0.020302680172997134
5 0.1525156150209649 0.9008571942755529 0.008602150537634409 0.024731182795698924 0.020302680172997134
5 0.16975005861483825 0.8602213903911963 0.005376344086021506 0.013978494623655914 0.020302680172997134
12 0.11444861265667226 0.6749827426657614 0.054838709677419356 0.05698924731182796 0.020302680172997134
49 0.04272842687004019 0.6279852625048319 0.05806451612903226 0.05591397849462366 0.020302680172997134
12 0.12088107107547033 0.30280100953158817 0.04086021505376344 0.054838709677419356 0.020302680172997134
5 0.08048382107574656 0.2462654969675355 0.021505376344086023 0.024731182795698924 0.020302680172997134
5 0.057704653917261504 0.2169295933197447 0.015053763440860216 0.026881720430107527 0.020302680172997134
5 0.033259249489705996 0.21227958822145762 0.017204301075268817 0.03118279569892473 0.020302680172997134
3 0.042259708117998035 0.2284650708188366 0.013978494623655914 0.024731182795698924 0.020302680172997134
12 0.3673802212590865 0.5871196703901835 0.03655913978494624 0.015053763440860216 0.020302680172997134
