5 0.7483870967741936 0.4854838709677419 0.01935483870967742 0.011827956989247311
5 0.628494623655914 0.5252688172043011 0.026881720430107527 0.016129032258064516
5 0.5951612903225807 0.5360215053763441 0.01827956989247312 0.011827956989247311
3 0.806989247311828 0.47096774193548385 0.02903225806451613 0.017204301075268817
3 0.774731182795699 0.4774193548387097 0.02258064516129032 0.015053763440860216
3 0.696236559139785 0.5016129032258064 0.02258064516129032 0.013978494623655914
3 0.6618279569892473 0.5134408602150538 0.01827956989247312 0.011827956989247311
3 0.3596774193548387 0.6091397849462366 0.03333333333333333 0.02043010752688172
3 0.3161290322580645 0.6209677419354839 0.02795698924731183 0.01827956989247312
3 0.27365591397849465 0.6327956989247312 0.02043010752688172 0.013978494623655914
3 0.2467741935483871 0.6408602150537634 0.024731182795698924 0.015053763440860216
3 0.2129032258064516 0.6516129032258065 0.034408602150537634 0.01935483870967742
