29 0.7175655627340354 0.010096104263445519 0.05698924731182796 0.04516129032258064 0.05715204300370634
5 0.8577704119180314 0.8145157705539563 0.03655913978494624 0.043010752688172046 0.05715204300370634
5 0.9090576413529906 0.8170878763126698 0.04516129032258064 0.053763440860215055 0.05715204300370634
5 0.3847877773254622 0.8643533385797989 0.07741935483870968 0.09247311827956989 0.05715204300370634
5 0.31552417223460283 0.8484153378862348 0.07526881720430108 0.09247311827956989 0.05715204300370634
5 0.2646263353450907 0.8084755753624073 0.07311827956989247 0.09032258064516129 0.05715204300370634
5 0.32166943619843835 0.8540411386214498 0.07956989247311828 0.0989247311827957 0.05715204300370634
5 0.5150421523377807 0.7742534949677005 0.09247311827956989 0.07096774193548387 0.05715204300370634
29 0.5013910566530356 0.8111563843887158 0.060215053763440864 0.04946236559139785 0.05715204300370634
5 0.5602371927281126 0.867620068884866 0.1032258064516129 0.07526881720430108 0.05715204300370634
30 0.5849067824282991 0.6860759765309966 0.060215053763440864 0.04086021505376344 0.05715204300370634
29 0.7321027483234912 0.7778540848295296 0.07096774193548387 0.05591397849462366 0.05715204300370634
5 0.842806367763236 0.6093791951684466 0.01935483870967742 0.030107526881720432 0.05715204300370634
30 0.8912221061322354 0.6377283400251177 0.12258064516129032 0.16344086021505377 0.05715204300370634
29 0.6542043399943679 0.48222002196224945 0.12473118279569892 0.09247311827956989 0.05715204300370634
29 0.45020621232890917 0.5417969295633737 0.12688172043010754 0.09247311827956989 0.05715204300370634
5 0.3639919419003264 0.61381404071415 0.07956989247311828 0.1053763440860215 0.05715204300370634
5 0.28850703957139234 0.6695633358740947 0.08602150537634409 0.10967741935483871 0.05715204300370634
49 0.25889813912216003 0.5384144545054959 0.03655913978494624 0.047311827956989246 0.05715204300370634
12 0.17871260876280082 0.39729053085816224 0.09462365591397849 0.12473118279569892 0.05715204300370634
12 0.18073607544877243 0.2960040368172529 0.03655913978494624 0.043010752688172046 0.05715204300370634
5 0.0632909584480238 0.11682443997266849 0.1010752688172043 0.12473118279569892 0.05715204300370634
34 0.9395778464498892 0.2538466424619022 0.11505376344086021 0.20430107526881722 0.05715204300370634
49 0.6090530131551435 0.10972655459724814 0.15806451612903225 0.1978494623655914 0.05715204300370634
49 0.5308401766045295 0.18287944968279132 0.10752688172043011 0.14623655913978495 0.05715204300370634
49 0.5945133226494819 0.19306331621839393 0.11182795698924732 0.15053763440860216 0.05715204300370634
4 0.6988396665743284 0.36431220582485796 0.1978494623655914 0.26666666666666666 0.05715204300370634
