5 0.8299276321990897 0.9523462564983634 0.043010752688172046 0.03870967741935484
49 0.7031290240456608 0.6531357242824454 0.04946236559139785 0.030107526881720432
12 0.7071710896520771 0.49680732569012076 0.11827956989247312 0.053763440860215055
5 0.7057329113432499 0.4232149950440741 0.2 0.06666666666666667
5 0.7067253441971523 0.4070904648254207 0.1870967741935484 0.06236559139784946
5 0.6621553500057684 0.44692368584532893 0.13548387096774195 0.05161290322580645
12 0.43564713598856347 0.45439433738050783 0.10752688172043011 0.05161290322580645
5 0.4562043168020301 0.4095507220218344 0.1827956989247312 0.08172043010752689
3 0.6263111986775277 0.11799130083687158 0.034408602150537634 0.01935483870967742
5 0.5167719478206272 0.11183374586909017 0.04086021505376344 0.011827956989247311
25 0.5182529656420588 0.038439191044858316 0.09247311827956989 0.021505376344086023
5 0.5855282670865902 0.028153035892766107 0.10752688172043011 0.02043010752688172
