3 0.9053763440860215 0.5758064516129032 0.015053763440860216 0.03978494623655914
34 0.46021505376344085 0.04838709677419355 0.09032258064516129 0.08387096774193549
4 0.2 0.08172043010752689 0.13978494623655913 0.15913978494623657
14 0.4962365591397849 0.9580645161290322 0.10215053763440861 0.08387096774193549
14 0.5532258064516129 0.9419354838709677 0.12150537634408602 0.11612903225806452
14 0.6086021505376344 0.889247311827957 0.2129032258064516 0.221505376344086
14 0.025268817204301075 0.9682795698924731 0.04838709677419355 0.06344086021505377
5 0.07311827956989247 0.9672043010752688 0.07741935483870968 0.06559139784946237
5 0.2 0.9720430107526882 0.04086021505376344 0.053763440860215055
5 0.17634408602150536 0.9279569892473118 0.04086021505376344 0.05161290322580645
5 0.1446236559139785 0.9521505376344086 0.11290322580645161 0.0956989247311828
29 0.5064516129032258 0.8612903225806452 0.06236559139784946 0.07311827956989247
29 0.4913978494623656 0.8795698924731182 0.05161290322580645 0.05806451612903226
5 0.2860215053763441 0.489247311827957 0.03655913978494624 0.04516129032258064
5 0.3161290322580645 0.535483870967742 0.04946236559139785 0.05806451612903226
14 0.041935483870967745 0.4752688172043011 0.06451612903225806 0.047311827956989246
29 0.15591397849462366 0.4376344086021505 0.07526881720430108 0.060215053763440864
5 0.21935483870967742 0.2870967741935484 0.023655913978494623 0.03225806451612903
30 0.24946236559139784 0.289247311827957 0.12473118279569892 0.16774193548387098
29 0.06881720430107527 0.2010752688172043 0.12903225806451613 0.0989247311827957
