29 0.22311827956989247 0.024731182795698924 0.05268817204301075 0.047311827956989246
49 0.0456989247311828 0.11182795698924732 0.08924731182795699 0.16344086021505377
3 0.9043010752688172 0.885483870967742 0.015053763440860216 0.03978494623655914
34 0.41397849462365593 0.2763440860215054 0.1978494623655914 0.26881720430107525
4 0.17634408602150536 0.33978494623655914 0.1978494623655914 0.26666666666666666
5 0.2860215053763441 0.8010752688172043 0.03655913978494624 0.04516129032258064
5 0.3161290322580645 0.8473118279569892 0.047311827956989246 0.05806451612903226
14 0.041935483870967745 0.7870967741935484 0.06236559139784946 0.04516129032258064
29 0.15591397849462366 0.7494623655913979 0.07311827956989247 0.05806451612903226
5 0.21935483870967742 0.5989247311827957 0.021505376344086023 0.03225806451612903
30 0.24946236559139784 0.6010752688172043 0.12473118279569892 0.16559139784946236
29 0.06881720430107527 0.5129032258064516 0.12688172043010754 0.0967741935483871
