5 0.5541208997094608 0.8963243192977426 0.03978494623655914 0.05161290322580645 0.1166736798739514
5 0.7185525497968158 0.8454489692300419 0.03763440860215054 0.047311827956989246 0.1166736798739514
5 0.7329253747136186 0.9356951951105676 0.041935483870967745 0.047311827956989246 0.1166736798739514
5 0.5231957567822053 0.7228627128791423 0.1010752688172043 0.07741935483870968 0.1166736798739514
5 0.5144502797702547 0.8888572566600881 0.04086021505376344 0.03978494623655914 0.1166736798739514
5 0.46509645628550095 0.9748245116409817 0.05268817204301075 0.053763440860215055 0.1166736798739514
5 0.5268985846222629 0.940687839036501 0.07311827956989247 0.09462365591397849 0.1166736798739514
5 0.43406061586558686 0.7988662183249076 0.07204301075268817 0.09247311827956989 0.1166736798739514
49 0.47712149563026107 0.11885229005762674 0.2989247311827957 0.16129032258064516 0.1166736798739514
49 0.17671806875797524 0.006396180203510515 0.11290322580645161 0.06236559139784946 0.1166736798739514
49 0.3098672616974835 0.047957534392798915 0.12473118279569892 0.09462365591397849 0.1166736798739514
49 0.47144891610234985 0.21775164258691448 0.2021505376344086 0.14946236559139786 0.1166736798739514
49 0.2791343104370937 0.16875657225046473 0.23010752688172043 0.16344086021505377 0.1166736798739514
29 0.5842794814700976 0.3347097425476831 0.12150537634408602 0.0935483870967742 0.1166736798739514
49 0.42516641981104963 0.31311165381437067 0.14301075268817204 0.1053763440860215 0.1166736798739514
3 0.06352975435634793 0.3917600936879346 0.017204301075268817 0.023655913978494623 0.1166736798739514
3 0.050609406920959575 0.46223424130067203 0.03225806451612903 0.034408602150537634 0.1166736798739514
5 0.23089203095006178 0.6146471857801472 0.3118279569892473 0.2086021505376344 0.1166736798739514
