5 0.03785870992421304 0.02152244188443159 0.04516129032258064 0.03978494623655914 0.07675603660659226
5 0.05960809444948817 0.04036841947481425 0.04086021505376344 0.04516129032258064 0.07675603660659226
5 0.06784286461488002 0.04683273552236676 0.060215053763440864 0.06451612903225806 0.07675603660659226
5 0.07257185483363741 0.18423693311676054 0.05161290322580645 0.043010752688172046 0.07675603660659226
5 0.9887843659139997 0.3813204846910529 0.012903225806451613 0.01827956989247312 0.07675603660659226
5 0.9542703011046604 0.5135542373467008 0.023655913978494623 0.021505376344086023 0.07675603660659226
39 0.9830665191500749 0.4846279693427339 0.021505376344086023 0.021505376344086023 0.07675603660659226
5 0.954418022799189 0.4282163508844217 0.01935483870967742 0.01935483870967742 0.07675603660659226
5 0.951013409271531 0.41735874212387564 0.06451612903225806 0.05161290322580645 0.07675603660659226
5 0.8028081140358592 0.3882850519425687 0.13118279569892474 0.09462365591397849 0.07675603660659226
5 0.8611235409818533 0.3552162642572423 0.1827956989247312 0.12258064516129032 0.07675603660659226
5 0.5860406000423054 0.28161361257205325 0.1956989247311828 0.13548387096774195 0.07675603660659226
5 0.6031257913034668 0.2768717606874894 0.1935483870967742 0.13763440860215054 0.07675603660659226
29 0.25507755463825393 0.20580003290160664 0.04086021505376344 0.03655913978494624 0.07675603660659226
29 0.38733637917771 0.24480701801973173 0.04086021505376344 0.034408602150537634 0.07675603660659226
14 0.23877752986287876 0.3157571813175851 0.07741935483870968 0.06666666666666667 0.07675603660659226
5 0.2560816157441378 0.3040765859409014 0.03870967741935484 0.060215053763440864 0.07675603660659226
5 0.2998176634833157 0.3246194426332422 0.05161290322580645 0.03225806451612903 0.07675603660659226
5 0.30544472522876764 0.437756872050199 0.053763440860215055 0.04086021505376344 0.07675603660659226
5 0.3020367212542168 0.31151746713551787 0.07741935483870968 0.05161290322580645 0.07675603660659226
3 0.3085113717343163 0.4412206518212278 0.023655913978494623 0.023655913978494623 0.07675603660659226
30 0.30276385833516894 0.3696977927536231 0.08817204301075268 0.060215053763440864 0.07675603660659226
29 0.3603648452605709 0.48220100712179226 0.04086021505376344 0.04516129032258064 0.07675603660659226
5 0.7066229952787351 0.8412883323282128 0.05591397849462366 0.06236559139784946 0.07675603660659226
29 0.3828482208202736 0.6401715386813696 0.08817204301075268 0.10752688172043011 0.07675603660659226
29 0.5178574269479211 0.6152331153427844 0.1010752688172043 0.12473118279569892 0.07675603660659226
29 0.5663839129512382 0.5725408581854994 0.0989247311827957 0.12258064516129032 0.07675603660659226
