3 0.6478494623655914 0.989247311827957 0.01827956989247312 0.021505376344086023
3 0.6408602150537634 0.9618279569892473 0.010752688172043012 0.02043010752688172
3 0.6591397849462366 0.9360215053763441 0.03870967741935484 0.016129032258064516
3 0.6758064516129032 0.9134408602150538 0.00967741935483871 0.02043010752688172
25 0.6763440860215054 0.874731182795699 0.017204301075268817 0.04838709677419355
3 0.6731182795698925 0.8295698924731183 0.008602150537634409 0.01827956989247312
39 0.6768817204301075 0.7913978494623656 0.01827956989247312 0.02795698924731183
3 0.6709677419354839 0.7553763440860215 0.015053763440860216 0.03763440860215054
3 0.6618279569892473 0.7354838709677419 0.007526881720430108 0.021505376344086023
25 0.6634408602150538 0.678494623655914 0.021505376344086023 0.04516129032258064
49 0.6602150537634408 0.6096774193548387 0.01935483870967742 0.047311827956989246
3 0.6543010752688172 0.560752688172043 0.00967741935483871 0.026881720430107527
12 0.8897849462365591 0.9897849462365591 0.02043010752688172 0.02043010752688172
12 0.8881720430107527 0.9354838709677419 0.01935483870967742 0.05591397849462366
12 0.8827956989247312 0.8618279569892473 0.01935483870967742 0.06344086021505377
12 0.8290322580645161 0.5844086021505376 0.03655913978494624 0.07849462365591398
12 0.8483870967741935 0.00967741935483871 0.01935483870967742 0.017204301075268817
3 0.6682795698924732 0.012903225806451613 0.02043010752688172 0.010752688172043012
3 0.6688172043010753 0.01827956989247312 0.01935483870967742 0.008602150537634409
3 0.6731182795698925 0.02849462365591398 0.021505376344086023 0.007526881720430108
3 0.6698924731182796 0.03387096774193549 0.021505376344086023 0.005376344086021506
3 0.6704301075268817 0.04086021505376344 0.02043010752688172 0.0064516129032258064
3 0.6720430107526881 0.05268817204301075 0.023655913978494623 0.008602150537634409
3 0.6725806451612903 0.05806451612903226 0.02258064516129032 0.0064516129032258064
3 0.671505376344086 0.06505376344086021 0.02258064516129032 0.005376344086021506
3 0.6736559139784947 0.07204301075268817 0.024731182795698924 0.010752688172043012
3 0.6795698924731183 0.13870967741935483 0.025806451612903226 0.008602150537634409
3 0.6801075268817204 0.1338709677419355 0.024731182795698924 0.00967741935483871
3 0.6817204301075269 0.12258064516129032 0.023655913978494623 0.010752688172043012
3 0.6795698924731183 0.10483870967741936 0.025806451612903226 0.013978494623655914
3 0.6811827956989247 0.09193548387096774 0.026881720430107527 0.013978494623655914
3 0.8569892473118279 0.4768817204301075 0.021505376344086023 0.00967741935483871
3 0.8543010752688172 0.4446236559139785 0.02903225806451613 0.00967741935483871
3 0.853225806451613 0.42849462365591395 0.02903225806451613 0.00967741935483871
3 0.8521505376344086 0.41021505376344086 0.02903225806451613 0.00967741935483871
3 0.8521505376344086 0.41021505376344086 0.02903225806451613 0.00967741935483871
3 0.8521505376344086 0.41021505376344086 0.02903225806451613 0.00967741935483871
3 0.8467741935483871 0.3790322580645161 0.024731182795698924 0.00967741935483871
3 0.8467741935483871 0.3596774193548387 0.02903225806451613 0.00967741935483871
3 0.8413978494623656 0.3424731182795699 0.02903225806451613 0.00967741935483871
3 0.8655913978494624 0.31666666666666665 0.015053763440860216 0.041935483870967745
25 0.6849462365591398 0.4489247311827957 0.021505376344086023 0.05698924731182796
25 0.6801075268817204 0.35591397849462364 0.02043010752688172 0.04946236559139785
3 0.6768817204301075 0.2978494623655914 0.02258064516129032 0.04946236559139785
12 0.860752688172043 0.2537634408602151 0.01827956989247312 0.060215053763440864
12 0.8580645161290322 0.17903225806451614 0.012903225806451613 0.035483870967741936
12 0.8473118279569892 0.1870967741935484 0.012903225806451613 0.04086021505376344
12 0.8510752688172043 0.06236559139784946 0.016129032258064516 0.053763440860215055
3 0.6903225806451613 0.17526881720430107 0.010752688172043012 0.03655913978494624
25 0.6720430107526881 0.1639784946236559 0.01935483870967742 0.054838709677419356
