12 0.0956989247311828 0.6 0.12688172043010754 0.04946236559139785
12 0.8462365591397849 0.5666666666666667 0.034408602150537634 0.08602150537634409
12 0.9741935483870968 0.3370967741935484 0.05161290322580645 0.03118279569892473
12 0.8833333333333333 0.1650537634408602 0.02258064516129032 0.054838709677419356
12 0.8978494623655914 0.15806451612903225 0.017204301075268817 0.05591397849462366
12 0.8940860215053763 0.09946236559139784 0.016129032258064516 0.054838709677419356
39 0.6956989247311828 0.2086021505376344 0.034408602150537634 0.012903225806451613
39 0.6612903225806451 0.21236559139784947 0.025806451612903226 0.011827956989247311
3 0.6451612903225806 0.19193548387096773 0.008602150537634409 0.02043010752688172
3 0.6505376344086021 0.13333333333333333 0.010752688172043012 0.025806451612903226
3 0.6478494623655914 0.023655913978494623 0.016129032258064516 0.015053763440860216
3 0.6510752688172043 0.07795698924731183 0.016129032258064516 0.03978494623655914
