5 0.1483681620625103 0.9625240025490649 0.030107526881720432 0.01827956989247312 0.0721027313345203
5 0.18624031273276634 0.9895020820049982 0.02043010752688172 0.00967741935483871 0.0721027313345203
5 0.022040460948531976 0.8846025513443765 0.021505376344086023 0.02043010752688172 0.0721027313345203
5 0.07704221829149935 0.8129702870040266 0.026881720430107527 0.026881720430107527 0.0721027313345203
5 0.01112866657482279 0.8017713043348217 0.01827956989247312 0.016129032258064516 0.0721027313345203
5 0.09184513809885039 0.8245064824621322 0.026881720430107527 0.023655913978494623 0.0721027313345203
5 0.013714036960957753 0.8885684807518919 0.024731182795698924 0.02258064516129032 0.0721027313345203
5 0.030139678005033373 0.8612446378071787 0.02795698924731183 0.025806451612903226 0.0721027313345203
5 0.026959790423758505 0.8497950930303265 0.026881720430107527 0.02258064516129032 0.0721027313345203
5 0.03442617060616525 0.868691805251391 0.025806451612903226 0.02043010752688172 0.0721027313345203
5 0.10929764795927494 0.8258895222322775 0.03118279569892473 0.026881720430107527 0.0721027313345203
5 0.030125116002762027 0.8921212110424116 0.03118279569892473 0.01935483870967742 0.0721027313345203
5 0.09893371081298562 0.9839673844658522 0.05268817204301075 0.05913978494623656 0.0721027313345203
5 0.07571505190803136 0.4307221161000593 0.034408602150537634 0.030107526881720432 0.0721027313345203
5 0.06742316810095411 0.7395963103712604 0.04408602150537634 0.04086021505376344 0.0721027313345203
5 0.19377483604706736 0.7734379772533534 0.04516129032258064 0.035483870967741936 0.0721027313345203
5 0.10631920797630635 0.7058816405368976 0.03978494623655914 0.030107526881720432 0.0721027313345203
5 0.09346753451488184 0.7236546809981529 0.053763440860215055 0.043010752688172046 0.0721027313345203
5 0.06137310446178025 0.7095907613496522 0.054838709677419356 0.041935483870967745 0.0721027313345203
12 0.1730378967930184 0.07210256848919508 0.05268817204301075 0.08924731182795699 0.0721027313345203
