31 0.9161870077439798 0.6518137841999521 0.15268817204301074 0.09032258064516129 0.15880826936452636
29 0.7233736484660857 0.7147773488113631 0.13548387096774195 0.0913978494623656 0.15880826936452636
29 0.7358735031581073 0.37849078137657755 0.13440860215053763 0.08924731182795699 0.15880826936452636
29 0.8162416569533657 0.6600719367754522 0.13978494623655913 0.0935483870967742 0.15880826936452636
29 0.47127928511823924 0.4618057977209269 0.11720430107526882 0.07956989247311828 0.15880826936452636
29 0.7882791130674891 0.7326788560412789 0.11720430107526882 0.08064516129032258 0.15880826936452636
12 0.5261777567064045 0.42430762052643733 0.04516129032258064 0.03225806451612903 0.15880826936452636
12 0.3842666823502291 0.29875721356396223 0.04838709677419355 0.035483870967741936 0.15880826936452636
12 0.3385591583737993 0.3711395167221915 0.06559139784946237 0.043010752688172046 0.15880826936452636
12 0.5424004161185616 0.4305968989138922 0.06344086021505377 0.04086021505376344 0.15880826936452636
12 0.24015418269989075 0.4829595581929864 0.03978494623655914 0.025806451612903226 0.15880826936452636
12 0.502864736134351 0.4619593513176492 0.05591397849462366 0.03763440860215054 0.15880826936452636
12 0.466244412401022 0.4151023332576843 0.06236559139784946 0.03870967741935484 0.15880826936452636
12 0.3905411769415392 0.38078489091907264 0.06559139784946237 0.04086021505376344 0.15880826936452636
