3 0.33176721887573196 0.049485709332383235 0.015053763440860216 0.012903225806451613 0.05715097805074641
3 0.28678595209424856 0.0399738777491829 0.012903225806451613 0.010752688172043012 0.05715097805074641
14 0.28194088971675335 0.5750558849129164 0.021505376344086023 0.025806451612903226 0.05715097805074641
3 0.3357317499203321 0.00753299894713403 0.01935483870967742 0.017204301075268817 0.05715097805074641
3 0.365659975797037 0.062123094931782835 0.015053763440860216 0.012903225806451613 0.05715097805074641
3 0.32835886265998737 0.02001067976752139 0.012903225806451613 0.012903225806451613 0.05715097805074641
3 0.3965189305766633 0.07052018646067325 0.010752688172043012 0.012903225806451613 0.05715097805074641
3 0.3446801878534562 0.22245717479333932 0.010752688172043012 0.012903225806451613 0.05715097805074641
3 0.28008426499475764 0.07297862455922258 0.010752688172043012 0.012903225806451613 0.05715097805074641
3 0.38445431142839265 0.11852276470084873 0.012903225806451613 0.015053763440860216 0.05715097805074641
3 0.37421120379373174 0.07034329867795097 0.010752688172043012 0.012903225806451613 0.05715097805074641
3 0.35316981552510607 0.011849964392584664 0.017204301075268817 0.01935483870967742 0.05715097805074641
3 0.23021175762434692 0.0517116662726434 0.015053763440860216 0.01935483870967742 0.05715097805074641
3 0.3973024927741249 0.16578080601721365 0.008602150537634409 0.012903225806451613 0.05715097805074641
3 0.2895255954269876 0.17451898338114366 0.008602150537634409 0.015053763440860216 0.05715097805074641
3 0.34809711343503213 0.1441799622980632 0.008602150537634409 0.012903225806451613 0.05715097805074641
3 0.3471531133229193 0.12411401806217683 0.012903225806451613 0.015053763440860216 0.05715097805074641
3 0.3071295678316365 0.27424965237326393 0.008602150537634409 0.012903225806451613 0.05715097805074641
3 0.3756332059969141 0.2290462456055989 0.0064516129032258064 0.012903225806451613 0.05715097805074641
3 0.44313598983921754 0.27360995595807913 0.015053763440860216 0.015053763440860216 0.05715097805074641
3 0.37058776713537456 0.44791578609162563 0.021505376344086023 0.023655913978494623 0.05715097805074641
3 0.41767765399635637 0.5148798751744883 0.017204301075268817 0.023655913978494623 0.05715097805074641
3 0.5028987792216936 0.43430938847613265 0.017204301075268817 0.01935483870967742 0.05715097805074641
3 0.38251139502864107 0.5677174916879146 0.047311827956989246 0.043010752688172046 0.05715097805074641
3 0.416978273613531 0.5451385990854625 0.01935483870967742 0.023655913978494623 0.05715097805074641
3 0.5484125999815076 0.6223714180003164 0.023655913978494623 0.023655913978494623 0.05715097805074641
3 0.4385466384445717 0.6398622866761001 0.01935483870967742 0.01935483870967742 0.05715097805074641
3 0.5923206326331528 0.6197390525136921 0.01935483870967742 0.023655913978494623 0.05715097805074641
3 0.4499486763499485 0.7426657443663716 0.021505376344086023 0.025806451612903226 0.05715097805074641
3 0.6547542562683502 0.7625909156534464 0.03655913978494624 0.03225806451612903 0.05715097805074641
3 0.5438414150614682 0.7226797090876058 0.021505376344086023 0.030107526881720432 0.05715097805074641
3 0.356916046783463 0.750001593434995 0.034408602150537634 0.030107526881720432 0.05715097805074641
3 0.3572613641007522 0.7760325904113003 0.03225806451612903 0.030107526881720432 0.05715097805074641
3 0.4201263308792081 0.6923252086518484 0.030107526881720432 0.02795698924731183 0.05715097805074641
3 0.37644239343650865 0.9081263392346731 0.030107526881720432 0.025806451612903226 0.05715097805074641
3 0.38472847287156126 0.8615891154269083 0.02795698924731183 0.030107526881720432 0.05715097805074641
3 0.5239247899301772 0.894442562767568 0.03225806451612903 0.02795698924731183 0.05715097805074641
3 0.5173134845474722 0.8885520320856656 0.021505376344086023 0.021505376344086023 0.05715097805074641
3 0.501286787777065 0.8803694060947272 0.025806451612903226 0.02795698924731183 0.05715097805074641
3 0.6479050623618519 0.8701774494231649 0.015053763440860216 0.017204301075268817 0.05715097805074641
3 0.6264887061350924 0.9413324745103473 0.023655913978494623 0.021505376344086023 0.05715097805074641
39 0.863860343645594 0.9745388776106428 0.025806451612903226 0.01935483870967742 0.05715097805074641
3 0.9790488164432821 0.9365492878565376 0.023655913978494623 0.021505376344086023 0.05715097805074641
39 0.8409140687807197 0.9483296321169649 0.023655913978494623 0.01935483870967742 0.05715097805074641
3 0.9762071543638294 0.8069517921431915 0.021505376344086023 0.021505376344086023 0.05715097805074641
3 0.9054356393951851 0.8450742798378041 0.017204301075268817 0.023655913978494623 0.05715097805074641
3 0.8969964903862395 0.8626105737206342 0.021505376344086023 0.023655913978494623 0.05715097805074641
3 0.8243901496526816 0.8107480388399825 0.02795698924731183 0.025806451612903226 0.05715097805074641
3 0.7353919986552409 0.772096257705075 0.01935483870967742 0.023655913978494623 0.05715097805074641
39 0.6972173809809182 0.9710638581531853 0.021505376344086023 0.01935483870967742 0.05715097805074641
3 0.7856955294466332 0.644797035441679 0.01935483870967742 0.023655913978494623 0.05715097805074641
39 0.8248949900231903 0.7260476712528532 0.021505376344086023 0.023655913978494623 0.05715097805074641
39 0.7362992157846613 0.8209449517856169 0.021505376344086023 0.023655913978494623 0.05715097805074641
3 0.7916316273957775 0.8179063356979391 0.01935483870967742 0.023655913978494623 0.05715097805074641
39 0.771387309279249 0.7969913051430702 0.01935483870967742 0.01935483870967742 0.05715097805074641
25 0.854262765419701 0.48920754613495043 0.01935483870967742 0.02043010752688172 0.05715097805074641
25 0.9519377808829268 0.4704899854683071 0.024731182795698924 0.035483870967741936 0.05715097805074641
25 0.9889925382335993 0.5579716086493024 0.025806451612903226 0.03655913978494624 0.05715097805074641
25 0.8790383605783155 0.5990151322171728 0.03655913978494624 0.05161290322580645 0.05715097805074641
25 0.7860554073512165 0.5255395040559601 0.034408602150537634 0.06236559139784946 0.05715097805074641
25 0.782637157888362 0.3783689551851847 0.03225806451612903 0.05161290322580645 0.05715097805074641
25 0.7496312148150348 0.409322136522429 0.023655913978494623 0.05161290322580645 0.05715097805074641
25 0.6959682963389777 0.314605742428921 0.02795698924731183 0.053763440860215055 0.05715097805074641
25 0.6804982476955052 0.4310781044440109 0.023655913978494623 0.04516129032258064 0.05715097805074641
25 0.689627582042504 0.43222411168403707 0.023655913978494623 0.04946236559139785 0.05715097805074641
25 0.6796497061572947 0.4192710247867059 0.025806451612903226 0.053763440860215055 0.05715097805074641
25 0.9515886440858106 0.4715287518684823 0.03655913978494624 0.05161290322580645 0.05715097805074641
25 0.9121035632244399 0.4432780240253561 0.030107526881720432 0.05161290322580645 0.05715097805074641
25 0.9837971592479174 0.22304972231360146 0.021505376344086023 0.047311827956989246 0.05715097805074641
25 0.88407197203307 0.2761123417559045 0.03870967741935484 0.047311827956989246 0.05715097805074641
25 0.8785509959198878 0.2633409987719615 0.043010752688172046 0.05161290322580645 0.05715097805074641
25 0.8589096464728925 0.28126085321925626 0.04086021505376344 0.053763440860215055 0.05715097805074641
25 0.8310294375173799 0.26165143352537246 0.03870967741935484 0.04946236559139785 0.05715097805074641
25 0.8038748391709655 0.24476410474825794 0.03655913978494624 0.04946236559139785 0.05715097805074641
25 0.7524622631003839 0.18787056076544692 0.04086021505376344 0.05591397849462366 0.05715097805074641
25 0.8972726452018935 0.1645130330366056 0.043010752688172046 0.053763440860215055 0.05715097805074641
25 0.8672246813847243 0.09711811618164583 0.053763440860215055 0.06236559139784946 0.05715097805074641
25 0.6533620923699908 0.3691277874584395 0.04946236559139785 0.025806451612903226 0.05715097805074641
25 0.7212250388905455 0.31648644175818963 0.04946236559139785 0.02795698924731183 0.05715097805074641
25 0.6570229186474593 0.33183233570076864 0.04946236559139785 0.02795698924731183 0.05715097805074641
25 0.470933861377916 0.09228930301447641 0.043010752688172046 0.04516129032258064 0.05715097805074641
25 0.6001906200120732 0.08061854032353787 0.04086021505376344 0.04516129032258064 0.05715097805074641
5 0.6483081930454431 0.05582615257905738 0.03870967741935484 0.03655913978494624 0.05715097805074641
49 0.6592733829743235 0.06302425900314347 0.05806451612903226 0.05161290322580645 0.05715097805074641
