3 0.8793205942740077 0.9680597697175698 0.03763440860215054 0.034408602150537634 0.004814041597637722
3 0.7183303628975489 0.9846385988135817 0.03655913978494624 0.03118279569892473 0.004814041597637722
3 0.5231649683017624 0.038530846651220085 0.025806451612903226 0.02258064516129032 0.004814041597637722
3 0.5779036457010143 0.029901911155703464 0.03655913978494624 0.03118279569892473 0.004814041597637722
3 0.6661403191107789 0.0436645437684648 0.025806451612903226 0.024731182795698924 0.004814041597637722
3 0.7939666152015488 0.03375815044793959 0.024731182795698924 0.016129032258064516 0.004814041597637722
3 0.9183180827935256 0.011621773482831447 0.024731182795698924 0.016129032258064516 0.004814041597637722
3 0.7324506190636811 0.12593267443870537 0.03655913978494624 0.02258064516129032 0.004814041597637722
3 0.6605389772886213 0.46630873084083646 0.041935483870967745 0.02043010752688172 0.004814041597637722
3 0.5885011797063114 0.47694006563326163 0.03978494623655914 0.02258064516129032 0.004814041597637722
3 0.5868254102836078 0.4855401004853137 0.03763440860215054 0.02043010752688172 0.004814041597637722
3 0.3399029501794325 0.6777510069115615 0.03763440860215054 0.026881720430107527 0.004814041597637722
3 0.449747683474508 0.6962978974559432 0.03763440860215054 0.02795698924731183 0.004814041597637722
3 0.39214816609102904 0.8443241245066876 0.03763440860215054 0.030107526881720432 0.004814041597637722
3 0.3697460568180238 0.07220009456272604 0.03655913978494624 0.02043010752688172 0.004814041597637722
3 0.37788460321152956 0.06790647950024442 0.035483870967741936 0.016129032258064516 0.004814041597637722
3 0.30731573619245645 0.051998551177122265 0.034408602150537634 0.025806451612903226 0.004814041597637722
39 0.900358267184617 0.8607389514703532 0.04516129032258064 0.03978494623655914 0.004814041597637722
39 0.9583384819495877 0.9346744564944786 0.03870967741935484 0.035483870967741936 0.004814041597637722
3 0.8016651476605747 0.8796425002536667 0.030107526881720432 0.030107526881720432 0.004814041597637722
39 0.4056024684871631 0.2029869945572268 0.03333333333333333 0.02795698924731183 0.004814041597637722
39 0.3729892247600319 0.21059345304951452 0.03118279569892473 0.01827956989247312 0.004814041597637722
3 0.26702256993740964 0.15497987412631933 0.024731182795698924 0.011827956989247311 0.004814041597637722
3 0.20762347695403907 0.2825267547264603 0.03118279569892473 0.017204301075268817 0.004814041597637722
39 0.30949683824535085 0.32114289380221034 0.024731182795698924 0.013978494623655914 0.004814041597637722
39 0.49816557328247 0.3174087861751505 0.03118279569892473 0.021505376344086023 0.004814041597637722
39 0.41091844582710807 0.32835501741154555 0.024731182795698924 0.017204301075268817 0.004814041597637722
3 0.47670483228966226 0.41283210477449456 0.02903225806451613 0.016129032258064516 0.004814041597637722
3 0.5318923561595337 0.5153226970877923 0.03763440860215054 0.02043010752688172 0.004814041597637722
3 0.432158417893641 0.4763643007519485 0.03333333333333333 0.023655913978494623 0.004814041597637722
39 0.38171796910238753 0.43005783468526115 0.02795698924731183 0.01827956989247312 0.004814041597637722
39 0.2866186871604593 0.43547546968279266 0.03333333333333333 0.02043010752688172 0.004814041597637722
3 0.20053777703252096 0.46505924823254513 0.02903225806451613 0.016129032258064516 0.004814041597637722
25 0.323705122448078 0.5071091156695843 0.041935483870967745 0.02258064516129032 0.004814041597637722
3 0.37878281947177544 0.5548493528194123 0.03118279569892473 0.025806451612903226 0.004814041597637722
3 0.41978704141335366 0.5353065401659464 0.03333333333333333 0.025806451612903226 0.004814041597637722
3 0.13712261480090418 0.5926274092532088 0.02903225806451613 0.016129032258064516 0.004814041597637722
3 0.22840057829162985 0.622200993905824 0.03978494623655914 0.02258064516129032 0.004814041597637722
3 0.03244205849051619 0.8664637714084338 0.047311827956989246 0.047311827956989246 0.004814041597637722
3 0.08901875265785142 0.7734612911880369 0.041935483870967745 0.041935483870967745 0.004814041597637722
25 0.1264521428206478 0.9263243603286292 0.04838709677419355 0.04516129032258064 0.004814041597637722
3 0.4584639345526137 0.9389853781504337 0.03333333333333333 0.02795698924731183 0.004814041597637722
25 0.665658532921712 0.8789070849896925 0.041935483870967745 0.035483870967741936 0.004814041597637722
3 0.6032811274263873 0.8965503673031068 0.041935483870967745 0.035483870967741936 0.004814041597637722
3 0.5291024745400074 0.9305506718937345 0.03870967741935484 0.03118279569892473 0.004814041597637722
3 0.3160984037235939 0.7773860898215523 0.03763440860215054 0.034408602150537634 0.004814041597637722
3 0.3400691146227631 0.9223989685371897 0.023655913978494623 0.02043010752688172 0.004814041597637722
25 0.4940521912890614 0.7962182428258341 0.035483870967741936 0.03333333333333333 0.004814041597637722
3 0.41193604505713155 0.7541854338311048 0.03978494623655914 0.03225806451612903 0.004814041597637722
3 0.4944618411011189 0.6215671982363641 0.041935483870967745 0.026881720430107527 0.004814041597637722
3 0.5390871606973068 0.6898240484720936 0.03763440860215054 0.02903225806451613 0.004814041597637722
3 0.5994549012759312 0.7830856432446864 0.046236559139784944 0.03655913978494624 0.004814041597637722
3 0.835211548828339 0.7842484032891605 0.035483870967741936 0.034408602150537634 0.004814041597637722
3 0.8985598295475743 0.7124026327378522 0.035483870967741936 0.03225806451612903 0.004814041597637722
3 0.7391676743832325 0.7570364987920536 0.026881720430107527 0.026881720430107527 0.004814041597637722
39 0.6753030802987892 0.7070302708918501 0.03118279569892473 0.025806451612903226 0.004814041597637722
3 0.737519400804373 0.6608170644815088 0.04086021505376344 0.035483870967741936 0.004814041597637722
49 0.8284642401835264 0.6434507593532309 0.03225806451612903 0.026881720430107527 0.004814041597637722
39 0.9040761155698094 0.5869609006552784 0.03118279569892473 0.02903225806451613 0.004814041597637722
39 0.8142421286752244 0.5888792922485473 0.03225806451612903 0.026881720430107527 0.004814041597637722
3 0.7023583447748082 0.5878054434912559 0.035483870967741936 0.030107526881720432 0.004814041597637722
25 0.7175458335883044 0.5206500703274612 0.03870967741935484 0.03333333333333333 0.004814041597637722
3 0.7875629964066384 0.48532789544998567 0.03118279569892473 0.024731182795698924 0.004814041597637722
39 0.8378503815621093 0.5491912321555412 0.02795698924731183 0.024731182795698924 0.004814041597637722
25 0.9695553907964459 0.48659861723008896 0.02903225806451613 0.02043010752688172 0.004814041597637722
3 0.9260946190709809 0.49507759761316966 0.02903225806451613 0.02258064516129032 0.004814041597637722
3 0.861558496596766 0.42405391987325103 0.03763440860215054 0.02258064516129032 0.004814041597637722
3 0.9656895837388089 0.4161232726560005 0.041935483870967745 0.043010752688172046 0.004814041597637722
3 0.9195333066051034 0.359017083147914 0.03333333333333333 0.017204301075268817 0.004814041597637722
39 0.8111783238586393 0.36013801109197024 0.03978494623655914 0.024731182795698924 0.004814041597637722
49 0.7651651546382874 0.4236591063672736 0.03655913978494624 0.02903225806451613 0.004814041597637722
3 0.677618166839175 0.4046553899717958 0.041935483870967745 0.023655913978494623 0.004814041597637722
3 0.5844115285187172 0.3738957066231193 0.026881720430107527 0.017204301075268817 0.004814041597637722
3 0.7178969002893545 0.3181411454719641 0.03333333333333333 0.02043010752688172 0.004814041597637722
3 0.6019081541407263 0.317562635561487 0.02903225806451613 0.017204301075268817 0.004814041597637722
3 0.5674546092654342 0.22935362857576286 0.041935483870967745 0.017204301075268817 0.004814041597637722
3 0.4882011908311383 0.19866604190415654 0.034408602150537634 0.03118279569892473 0.004814041597637722
3 0.44681480423075864 0.1375676751127346 0.03333333333333333 0.023655913978494623 0.004814041597637722
3 0.663032668826897 0.23462272112142926 0.035483870967741936 0.016129032258064516 0.004814041597637722
3 0.8591917375881675 0.18873586466300424 0.02258064516129032 0.01827956989247312 0.004814041597637722
3 0.7309888569159904 0.24995651254179105 0.03118279569892473 0.01935483870967742 0.004814041597637722
49 0.8659011419979452 0.25745811216076964 0.03763440860215054 0.02043010752688172 0.004814041597637722
3 0.95171713328431 0.2795883642464066 0.04086021505376344 0.02903225806451613 0.004814041597637722
3 0.9663248809323894 0.19019460654645767 0.03118279569892473 0.02258064516129032 0.004814041597637722
3 0.9219077182126166 0.16507552085687144 0.03118279569892473 0.015053763440860216 0.004814041597637722
39 0.9449127215242962 0.10048566623486738 0.03763440860215054 0.017204301075268817 0.004814041597637722
3 0.891136540718391 0.06804112966118141 0.024731182795698924 0.017204301075268817 0.004814041597637722
39 0.8376040624718858 0.10667950852810802 0.024731182795698924 0.011827956989247311 0.004814041597637722
3 0.6548235596209089 0.14197241058526303 0.026881720430107527 0.02258064516129032 0.004814041597637722
39 0.6004066291472112 0.12425032567851453 0.024731182795698924 0.02043010752688172 0.004814041597637722
