3 0.5140667915341192 0.8574059600744172 0.060215053763440864 0.04946236559139785 0.11995325247811207
25 0.46441302312754024 0.8254409922314615 0.05806451612903226 0.03870967741935484 0.11995325247811207
25 0.2968047993404058 0.8377777016533431 0.05806451612903226 0.04516129032258064 0.11995325247811207
25 0.29913683833213967 0.9265560433091348 0.05591397849462366 0.043010752688172046 0.11995325247811207
25 0.13315497093210693 0.777087930393729 0.047311827956989246 0.017204301075268817 0.11995325247811207
25 0.13907622037058726 0.8459856219202132 0.047311827956989246 0.05806451612903226 0.11995325247811207
25 0.033191556806278805 0.7179578883473144 0.04516129032258064 0.05591397849462366 0.11995325247811207
25 0.5587392990487738 0.642801761276755 0.05161290322580645 0.05161290322580645 0.11995325247811207
25 0.3739274031281344 0.755650228068268 0.047311827956989246 0.04946236559139785 0.11995325247811207
25 0.3870037856551869 0.6119988239078908 0.034408602150537634 0.047311827956989246 0.11995325247811207
25 0.34649429860582087 0.47788170993350904 0.04086021505376344 0.047311827956989246 0.11995325247811207
25 0.27417115047912627 0.6828212277760479 0.04086021505376344 0.04516129032258064 0.11995325247811207
25 0.3483878703467234 0.5703085343143685 0.03870967741935484 0.04516129032258064 0.11995325247811207
25 0.18760223715265756 0.6542554567398301 0.03870967741935484 0.04946236559139785 0.11995325247811207
25 0.22170457063924623 0.6154143174846978 0.04516129032258064 0.05806451612903226 0.11995325247811207
25 0.1967763161887201 0.5924361515034446 0.053763440860215055 0.053763440860215055 0.11995325247811207
25 0.14884652791311234 0.5646133541892566 0.05161290322580645 0.04946236559139785 0.11995325247811207
25 0.04054884633990377 0.44432178202828987 0.04946236559139785 0.05161290322580645 0.11995325247811207
25 0.12231305969818636 0.461460631904696 0.043010752688172046 0.043010752688172046 0.11995325247811207
3 0.17766835447689994 0.3848475433634527 0.02795698924731183 0.03870967741935484 0.11995325247811207
3 0.17023887743662736 0.36114865633406257 0.030107526881720432 0.034408602150537634 0.11995325247811207
25 0.07858047617585077 0.32113383694919195 0.04086021505376344 0.04516129032258064 0.11995325247811207
25 0.21132915078398384 0.3462503658180256 0.025806451612903226 0.05161290322580645 0.11995325247811207
25 0.007866078712574179 0.2815561997621906 0.025806451612903226 0.05161290322580645 0.11995325247811207
25 0.02165075835748099 0.2273103665277905 0.02795698924731183 0.06236559139784946 0.11995325247811207
25 0.04729065624439699 0.1743395089995118 0.030107526881720432 0.04946236559139785 0.11995325247811207
25 0.059578819486046444 0.21574297338521575 0.02795698924731183 0.04946236559139785 0.11995325247811207
