3 0.7527764699079369 0.11290040815970956 0.03655913978494624 0.021505376344086023
3 0.6596697464454989 0.5917363794862349 0.04086021505376344 0.01935483870967742
3 0.622913274406593 0.43833639597064084 0.03870967741935484 0.021505376344086023
3 0.583845958289674 0.49913462636304606 0.03655913978494624 0.01935483870967742
3 0.15722498779700056 0.593865340151942 0.03655913978494624 0.025806451612903226
3 0.4641995681499334 0.7778212007469724 0.03655913978494624 0.02795698924731183
3 0.38747963044935596 0.8793288816135983 0.03655913978494624 0.02795698924731183
3 0.3787763837908665 0.13885969672111245 0.034408602150537634 0.01935483870967742
3 0.4000618827154691 0.13394712055940736 0.034408602150537634 0.015053763440860216
3 0.3293471234913243 0.12720216228549536 0.03225806451612903 0.023655913978494623
39 0.8656990106849782 0.8396334758118391 0.043010752688172046 0.03870967741935484
39 0.904104526418113 0.9314296440858655 0.03655913978494624 0.034408602150537634
3 0.7036011709564792 0.9070089590692804 0.03225806451612903 0.03225806451612903
39 0.4279918966186432 0.2393031480053594 0.030107526881720432 0.025806451612903226
39 0.3873973372939781 0.28732154363039 0.030107526881720432 0.017204301075268817
3 0.2284789242605601 0.2605506585735304 0.023655913978494623 0.010752688172043012
3 0.2059609242545723 0.30680119915649645 0.030107526881720432 0.017204301075268817
39 0.31659702100271736 0.3741130941010782 0.023655913978494623 0.012903225806451613
39 0.47157796517465145 0.41671272240595963 0.030107526881720432 0.01935483870967742
39 0.35858457755737455 0.4897900665507626 0.023655913978494623 0.017204301075268817
3 0.515638756052591 0.38069581010293 0.02795698924731183 0.015053763440860216
3 0.508729646216222 0.5835387122295552 0.03655913978494624 0.01935483870967742
3 0.534223191237644 0.4638409184531729 0.03225806451612903 0.021505376344086023
39 0.380654709267782 0.46615227511617696 0.025806451612903226 0.017204301075268817
39 0.3227966862301913 0.422698223168701 0.03225806451612903 0.01935483870967742
3 0.15679206441473967 0.49721849393905526 0.02795698924731183 0.015053763440860216
25 0.3094054747055864 0.5430680289933796 0.04086021505376344 0.021505376344086023
3 0.3817586301227364 0.5898822326563354 0.030107526881720432 0.023655913978494623
3 0.42284494833813674 0.5811316152089744 0.03225806451612903 0.023655913978494623
3 0.15008439645170477 0.5544518084647706 0.02795698924731183 0.015053763440860216
3 0.2795244088438237 0.6731080004817455 0.03870967741935484 0.021505376344086023
3 0.05536657279122339 0.9381783480533671 0.04516129032258064 0.04516129032258064
3 0.026331791199562152 0.7930321010402678 0.04086021505376344 0.04086021505376344
25 0.12701618280864113 0.9688785893224106 0.047311827956989246 0.043010752688172046
3 0.5560562640513517 0.9405174618622726 0.03225806451612903 0.025806451612903226
25 0.6814885257401418 0.9254054994271697 0.04086021505376344 0.034408602150537634
3 0.5328838055837078 0.9219775130692108 0.04086021505376344 0.034408602150537634
3 0.4991195778323068 0.9130659677444792 0.03655913978494624 0.030107526881720432
3 0.32387233706071256 0.8046339338257603 0.03655913978494624 0.03225806451612903
3 0.34827008494455086 0.9236189038157944 0.021505376344086023 0.01935483870967742
25 0.44868400820787674 0.7252402617044008 0.034408602150537634 0.03225806451612903
3 0.41174127751467055 0.8029638854531295 0.03870967741935484 0.030107526881720432
3 0.49801564839703144 0.7043831554539646 0.04086021505376344 0.025806451612903226
3 0.5898436360656971 0.7427035649597683 0.03655913978494624 0.02795698924731183
3 0.5973567923181209 0.8219173332364809 0.043010752688172046 0.034408602150537634
3 0.7449184374932231 0.8330296448020702 0.034408602150537634 0.03225806451612903
3 0.9596700347572679 0.8299060347627631 0.034408602150537634 0.030107526881720432
3 0.7296892134585388 0.8060346744557 0.025806451612903226 0.025806451612903226
39 0.6962035623973913 0.7016148098575663 0.030107526881720432 0.023655913978494623
3 0.7514285617454027 0.6212114207385203 0.03870967741935484 0.034408602150537634
49 0.8701093649670524 0.6450851496101544 0.030107526881720432 0.025806451612903226
39 0.8990376094728061 0.6094635881064392 0.030107526881720432 0.02795698924731183
39 0.9152491384840997 0.5721521802566467 0.030107526881720432 0.025806451612903226
3 0.6531122496853343 0.6678337348782701 0.034408602150537634 0.02795698924731183
25 0.6916074580595748 0.5946212479866423 0.03655913978494624 0.03225806451612903
3 0.721219391948299 0.6582618022742185 0.030107526881720432 0.023655913978494623
39 0.7358482286807414 0.6426422393962213 0.025806451612903226 0.023655913978494623
25 0.9842609765813863 0.4654790059063296 0.02795698924731183 0.01935483870967742
3 0.907467834410781 0.5768553647635835 0.02795698924731183 0.021505376344086023
3 0.8828239800144234 0.46657195769810716 0.03655913978494624 0.021505376344086023
3 0.8905877661224892 0.47647200063046674 0.04086021505376344 0.04086021505376344
3 0.9183191956179059 0.41034679636022486 0.03225806451612903 0.015053763440860216
39 0.8138561168644364 0.30986575243109404 0.03870967741935484 0.023655913978494623
49 0.8041583006646134 0.4660251264320962 0.034408602150537634 0.02795698924731183
3 0.726847584868109 0.49216681070328955 0.04086021505376344 0.021505376344086023
3 0.5866903276707276 0.4381023920937513 0.025806451612903226 0.015053763440860216
3 0.7317411149595755 0.40364820059419665 0.03225806451612903 0.01935483870967742
3 0.6660250286341295 0.30008075739077505 0.02795698924731183 0.017204301075268817
3 0.5744523815828736 0.27760237262044585 0.04086021505376344 0.017204301075268817
3 0.45410704090853665 0.2094566937928371 0.03225806451612903 0.030107526881720432
3 0.45881982890666906 0.25157338122757683 0.03225806451612903 0.021505376344086023
3 0.40983840319991305 0.02626935723256568 0.03225806451612903 0.02795698924731183
3 0.498283331752442 0.08216988346377171 0.02795698924731183 0.023655913978494623
3 0.46758051445587845 0.15873787658845162 0.03225806451612903 0.02795698924731183
3 0.686307617944795 0.2884125662079027 0.034408602150537634 0.015053763440860216
3 0.853759418275609 0.2263473710710527 0.021505376344086023 0.017204301075268817
3 0.756571756052183 0.35202509700480933 0.030107526881720432 0.017204301075268817
49 0.8090932167079155 0.28258451850107846 0.03655913978494624 0.01935483870967742
3 0.8106983204529099 0.2547034946336172 0.03870967741935484 0.02795698924731183
3 0.9790301704322232 0.3192705554758456 0.030107526881720432 0.021505376344086023
3 0.9181580465857515 0.1942579299689564 0.030107526881720432 0.015053763440860216
39 0.9473977873731934 0.048645123066989635 0.023655913978494623 0.017204301075268817
3 0.8813648769454657 0.07690981183211408 0.02795698924731183 0.021505376344086023
39 0.9395791928014462 0.06901305641570973 0.03655913978494624 0.017204301075268817
3 0.8727061890313631 0.061469630076607176 0.023655913978494623 0.017204301075268817
39 0.8592542971277438 0.1711310517021087 0.023655913978494623 0.010752688172043012
3 0.7388387404948794 0.06789455745699317 0.023655913978494623 0.015053763440860216
3 0.5989858048630543 0.24550870955736964 0.025806451612903226 0.021505376344086023
39 0.5684403690681287 0.2211621563142125 0.023655913978494623 0.01935483870967742
3 0.6908655975139368 0.05888066717524641 0.021505376344086023 0.021505376344086023
3 0.7041019061141863 0.2609356581695429 0.021505376344086023 0.021505376344086023
