4 0.03802950656258054 0.6216123213576038 0.08064516129032258 0.15698924731182795 0.00673995373120876
5 0.5723036774951196 0.9474082980773072 0.08387096774193549 0.08602150537634409 0.00673995373120876
5 0.17372113458875077 0.8859208362141148 0.08817204301075268 0.18064516129032257 0.00673995373120876
4 0.10629524742725777 0.5941563734714438 0.03870967741935484 0.08172043010752689 0.00673995373120876
4 0.08805421813007733 0.5957931618781107 0.04086021505376344 0.08387096774193549 0.00673995373120876
4 0.06253648994013036 0.6133824370138259 0.09032258064516129 0.17849462365591398 0.00673995373120876
29 0.22352891361372057 0.28739638035099047 0.05591397849462366 0.07311827956989247 0.00673995373120876
49 0.24785515141520514 0.09431184643939527 0.1032258064516129 0.05806451612903226 0.00673995373120876
14 0.25761155629497073 0.06746510935405586 0.16129032258064516 0.08387096774193549 0.00673995373120876
5 0.8330414726800481 0.8302895004376875 0.3301075268817204 0.34623655913978496 0.00673995373120876
