25 0.7100410234473721 0.9469721289175449 0.03870967741935484 0.035483870967741936 0.027271739866054672
25 0.6838447173027415 0.9158969586562904 0.03978494623655914 0.03118279569892473 0.027271739866054672
3 0.694557673430359 0.8758266829774697 0.03118279569892473 0.023655913978494623 0.027271739866054672
3 0.6978933478487145 0.9044503161041688 0.03763440860215054 0.02903225806451613 0.027271739866054672
3 0.6883439751358372 0.9293889947905783 0.03870967741935484 0.024731182795698924 0.027271739866054672
3 0.734650814789434 0.8359475949927494 0.03870967741935484 0.02258064516129032 0.027271739866054672
3 0.6411774282641529 0.8238281572924192 0.023655913978494623 0.03655913978494624 0.027271739866054672
25 0.6725808805006926 0.8436401121808218 0.02903225806451613 0.041935483870967745 0.027271739866054672
25 0.6992814241989698 0.6932442390942064 0.03870967741935484 0.05053763440860215 0.027271739866054672
25 0.7132015508796278 0.7324323603568836 0.03655913978494624 0.05161290322580645 0.027271739866054672
