3 0.34520670755185706 0.9771848345309602 0.03118279569892473 0.03333333333333333
3 0.16700381896843638 0.8682332725009125 0.030107526881720432 0.03118279569892473
39 0.06483323794036958 0.8538989129630107 0.02795698924731183 0.023655913978494623
39 0.028558208674354317 0.8342560104368119 0.025806451612903226 0.021505376344086023
39 0.044454177391644215 0.7294689051282501 0.02903225806451613 0.01935483870967742
3 0.04928101540288342 0.5961305569646854 0.041935483870967745 0.02795698924731183
25 0.8354118662168698 0.9266685332519893 0.06129032258064516 0.05913978494623656
3 0.3080972373725881 0.9096900887863959 0.03763440860215054 0.03225806451612903
3 0.6756684017893679 0.5324867406257792 0.03655913978494624 0.03655913978494624
3 0.5337808636868298 0.5516392850711818 0.03978494623655914 0.03225806451612903
3 0.2771761896389032 0.44427788666902546 0.03978494623655914 0.034408602150537634
3 0.03543408108621887 0.29577234973437205 0.03118279569892473 0.021505376344086023
3 0.1278412047030257 0.2245304339495565 0.035483870967741936 0.023655913978494623
3 0.22492091382234394 0.2562871844561386 0.04408602150537634 0.030107526881720432
3 0.19596150160143144 0.39589346412668636 0.03978494623655914 0.02795698924731183
3 0.029984082026345338 0.4178135769841231 0.03978494623655914 0.025806451612903226
49 0.05635493815766003 0.37837830829303926 0.026881720430107527 0.021505376344086023
39 0.11591366772115953 0.5441577193884446 0.03763440860215054 0.02795698924731183
25 0.12998695073115038 0.5756772225797433 0.04408602150537634 0.034408602150537634
3 0.9506407565821309 0.5757109922104905 0.03978494623655914 0.03870967741935484
25 0.23889461608290993 0.44697765046105425 0.06344086021505377 0.04946236559139785
25 0.36466864628538087 0.4031758023264256 0.05698924731182796 0.04946236559139785
25 0.3575782769436046 0.552268600956512 0.06989247311827956 0.054838709677419356
39 0.14832428860599525 0.857607207628246 0.04408602150537634 0.03655913978494624
39 0.16701906113173678 0.8092951972346359 0.04408602150537634 0.03870967741935484
39 0.22264843718587196 0.5961270923705239 0.035483870967741936 0.030107526881720432
39 0.1770905228263122 0.6418773102205974 0.030107526881720432 0.02795698924731183
39 0.20504063065480188 0.7045632884111139 0.05698924731182796 0.05161290322580645
39 0.43250120275888193 0.6874087026288417 0.04408602150537634 0.04086021505376344
39 0.672394440882014 0.6586504629012846 0.054838709677419356 0.04946236559139785
39 0.5140177544152071 0.7354252694167741 0.05268817204301075 0.047311827956989246
39 0.676223453000237 0.797121267813281 0.053763440860215055 0.04838709677419355
39 0.7490301162633851 0.9060866130409325 0.04838709677419355 0.043010752688172046
25 0.35119930546240746 0.8349385780640504 0.046236559139784944 0.043010752688172046
25 0.8008986449914534 0.7224526269713051 0.08064516129032258 0.08172043010752689
25 0.7656933940361477 0.49834056137722416 0.06559139784946237 0.06559139784946237
25 0.4608827337687224 0.26627990714226607 0.06344086021505377 0.05268817204301075
3 0.055040565913790564 0.018040854637989524 0.026881720430107527 0.011827956989247311
3 0.0445455180064908 0.07819397013329603 0.026881720430107527 0.011827956989247311
39 0.21413336847809478 0.15596621130176436 0.05698924731182796 0.03333333333333333
5 0.1928427696021956 0.22349758941216624 0.03118279569892473 0.01935483870967742
3 0.2355185119545486 0.1988978324147596 0.06774193548387097 0.047311827956989246
25 0.65619250489832 0.1348140566640633 0.06989247311827956 0.04946236559139785
49 0.5417809586402665 0.10281432878270017 0.05913978494623656 0.04516129032258064
