39 0.020281248099612126 0.8386897804233391 0.025806451612903226 0.021505376344086023 0.1018166355988561
39 0.09811450700476067 0.8978711715740916 0.024731182795698924 0.02043010752688172 0.1018166355988561
39 0.05339689386172837 0.5628954665288007 0.026881720430107527 0.01827956989247312 0.1018166355988561
3 0.14189121875565044 0.6864136488771926 0.04086021505376344 0.026881720430107527 0.1018166355988561
25 0.7497763340150877 0.9895274746348499 0.041935483870967745 0.03118279569892473 0.1018166355988561
3 0.30707712427894435 0.9533181132074148 0.035483870967741936 0.030107526881720432 0.1018166355988561
3 0.836525257071751 0.4664081999132851 0.035483870967741936 0.034408602150537634 0.1018166355988561
3 0.5169651825766713 0.5982307069048828 0.03763440860215054 0.03118279569892473 0.1018166355988561
3 0.3090613703947144 0.5002475654942697 0.03870967741935484 0.03333333333333333 0.1018166355988561
3 0.06538886907844765 0.33564665431637725 0.030107526881720432 0.021505376344086023 0.1018166355988561
3 0.19915303101262588 0.2571696165342842 0.034408602150537634 0.02258064516129032 0.1018166355988561
3 0.2660581842837935 0.4192769447910375 0.043010752688172046 0.02903225806451613 0.1018166355988561
3 0.14695251390474706 0.5539683229227923 0.03870967741935484 0.02795698924731183 0.1018166355988561
3 0.16956362997060329 0.46092898597351295 0.03870967741935484 0.024731182795698924 0.1018166355988561
49 0.08405562947704122 0.4358726709123456 0.024731182795698924 0.021505376344086023 0.1018166355988561
39 0.08559920281593851 0.5917908252408343 0.035483870967741936 0.026881720430107527 0.1018166355988561
25 0.12004403609531561 0.5906738016269901 0.041935483870967745 0.03333333333333333 0.1018166355988561
3 0.9609758628996603 0.6750529066637454 0.03763440860215054 0.035483870967741936 0.1018166355988561
25 0.23039891624086767 0.5003965386092479 0.06344086021505377 0.047311827956989246 0.1018166355988561
25 0.46119628711357163 0.7501358653801489 0.054838709677419356 0.047311827956989246 0.1018166355988561
25 0.30393386084288726 0.7271004511429013 0.06774193548387097 0.05268817204301075 0.1018166355988561
39 0.14221896239141787 0.9129373994643178 0.043010752688172046 0.034408602150537634 0.1018166355988561
39 0.15103947882687488 0.703941412322764 0.041935483870967745 0.03655913978494624 0.1018166355988561
39 0.3268821470450809 0.5726683626731813 0.034408602150537634 0.03118279569892473 0.1018166355988561
39 0.05168522199839068 0.5287713234616522 0.02903225806451613 0.025806451612903226 0.1018166355988561
39 0.27523380455645263 0.789355875507061 0.05591397849462366 0.04946236559139785 0.1018166355988561
39 0.3524287522362838 0.6871137672905177 0.043010752688172046 0.03870967741935484 0.1018166355988561
39 0.6415730700299755 0.6799602577692914 0.053763440860215055 0.047311827956989246 0.1018166355988561
39 0.5325798289127015 0.8265708912904364 0.05161290322580645 0.046236559139784944 0.1018166355988561
39 0.73568948262968 0.8372751126980754 0.05161290322580645 0.047311827956989246 0.1018166355988561
39 0.7444022579446337 0.9256474363136611 0.04838709677419355 0.041935483870967745 0.1018166355988561
25 0.3664546905715164 0.9324915781813767 0.04408602150537634 0.04086021505376344 0.1018166355988561
25 0.8314416091044377 0.6122092717456219 0.07849462365591398 0.08064516129032258 0.1018166355988561
25 0.7254636136524444 0.6293848080764236 0.06451612903225806 0.06451612903225806 0.1018166355988561
25 0.520087503935588 0.38277892997360935 0.06236559139784946 0.05161290322580645 0.1018166355988561
3 0.08960842953552917 0.03339867716114507 0.026881720430107527 0.011827956989247311 0.1018166355988561
3 0.015479780305164677 0.0754130043209792 0.026881720430107527 0.011827956989247311 0.1018166355988561
39 0.21963010252818022 0.17602584949426733 0.05591397849462366 0.03118279569892473 0.1018166355988561
5 0.23514206891816872 0.24126553739341847 0.030107526881720432 0.01827956989247312 0.1018166355988561
3 0.27184295708379486 0.23555550379432155 0.06666666666666667 0.04516129032258064 0.1018166355988561
25 0.6076331862021471 0.19043145877455195 0.06881720430107527 0.04838709677419355 0.1018166355988561
49 0.6008219290837472 0.18050695764694227 0.05698924731182796 0.04408602150537634 0.1018166355988561
