25 0.5267765450426796 0.6428196920045632 0.04086021505376344 0.07526881720430108 0.020587305749481383
25 0.5408088884284132 0.676305449462196 0.041935483870967745 0.07311827956989247 0.020587305749481383
25 0.5371342455566498 0.6765365958043766 0.04838709677419355 0.07741935483870968 0.020587305749481383
25 0.5516886762817568 0.6651402462444694 0.04946236559139785 0.07526881720430108 0.020587305749481383
25 0.5731043291033202 0.6700620112688704 0.05053763440860215 0.07741935483870968 0.020587305749481383
25 0.5949967275205961 0.6636225460979496 0.05268817204301075 0.07849462365591398 0.020587305749481383
25 0.45586199587155746 0.6200490319613098 0.041935483870967745 0.07311827956989247 0.020587305749481383
25 0.5091498518457903 0.5695278584843774 0.043010752688172046 0.07526881720430108 0.020587305749481383
25 0.49068956181519485 0.5380224819779323 0.041935483870967745 0.07311827956989247 0.020587305749481383
25 0.5381495780030708 0.5653017950926826 0.04408602150537634 0.07526881720430108 0.020587305749481383
25 0.574169464457902 0.5710602598140007 0.04408602150537634 0.07634408602150537 0.020587305749481383
4 0.9878776332439304 0.4455199309590852 0.02795698924731183 0.04946236559139785 0.020587305749481383
4 0.9593710477248217 0.4548631009177423 0.034408602150537634 0.05161290322580645 0.020587305749481383
3 0.3940128120326073 0.8378777638577286 0.01935483870967742 0.03870967741935484 0.020587305749481383
4 0.6139647094460712 0.9042234940332555 0.14193548387096774 0.24731182795698925 0.020587305749481383
4 0.5585977668861558 0.9079524758795592 0.11182795698924732 0.256989247311828 0.020587305749481383
4 0.4964039901260786 0.873963614227743 0.1032258064516129 0.2623655913978495 0.020587305749481383
4 0.6884651266870571 0.8895963237366394 0.10752688172043011 0.15483870967741936 0.020587305749481383
14 0.6540583520137455 0.8469738505055358 0.09032258064516129 0.14623655913978495 0.020587305749481383
