29 0.3100425998241143 0.9777074169881463 0.06666666666666667 0.021505376344086023 0.07795810079993257
29 0.3087415970526268 0.958067844905548 0.06989247311827956 0.04408602150537634 0.07795810079993257
29 0.1061847538282471 0.9202689928172514 0.04838709677419355 0.04408602150537634 0.07795810079993257
5 0.04485559056152441 0.8721553269197878 0.09032258064516129 0.07311827956989247 0.07795810079993257
5 0.11971989788589953 0.8144305024624887 0.13225806451612904 0.10215053763440861 0.07795810079993257
4 0.34631475208417173 0.6536374281921027 0.16559139784946236 0.12795698924731183 0.07795810079993257
3 0.4515892714827042 0.5850652574521993 0.02258064516129032 0.02258064516129032 0.07795810079993257
49 0.32243376318540856 0.6209738167586174 0.023655913978494623 0.023655913978494623 0.07795810079993257
3 0.512244509770051 0.5807638588652686 0.030107526881720432 0.034408602150537634 0.07795810079993257
3 0.5636254980846458 0.6516844416437153 0.03118279569892473 0.03655913978494624 0.07795810079993257
5 0.5698193181047393 0.7992904595200232 0.06129032258064516 0.035483870967741936 0.07795810079993257
4 0.8163676092031313 0.4142900133555365 0.1913978494623656 0.16451612903225807 0.07795810079993257
4 0.687644315921777 0.6186363811176618 0.12903225806451613 0.11720430107526882 0.07795810079993257
4 0.7071253911979772 0.6478369795659947 0.15591397849462366 0.14408602150537633 0.07795810079993257
4 0.7683980442447719 0.6488778531464527 0.16344086021505377 0.15053763440860216 0.07795810079993257
