49 0.30648916843208196 0.4816696603872399 0.09462365591397849 0.06236559139784946 0.04703032214511059
4 0.5653431484259185 0.3627446756343431 0.38924731182795697 0.221505376344086 0.04703032214511059
14 0.9635489888624545 0.876316999510433 0.07956989247311828 0.12150537634408602 0.04703032214511059
5 0.9411004476578604 0.537087912213541 0.12258064516129032 0.07526881720430108 0.04703032214511059
5 0.8647497756338516 0.6187366830923469 0.18924731182795698 0.0978494623655914 0.04703032214511059
5 0.8538603034133843 0.5135428801302487 0.14516129032258066 0.08279569892473118 0.04703032214511059
4 0.9085578275663309 0.35259266042400855 0.13010752688172042 0.06666666666666667 0.04703032214511059
4 0.9820081535310531 0.30621940676413306 0.14516129032258066 0.06559139784946237 0.04703032214511059
29 0.8537946753354901 0.19320452593025297 0.06451612903225806 0.09462365591397849 0.04703032214511059
29 0.7348507994707306 0.15190768883450576 0.060215053763440864 0.08387096774193549 0.04703032214511059
5 0.46702662987280863 0.11016157573111926 0.010752688172043012 0.01827956989247312 0.04703032214511059
3 0.3834325563393946 0.13659607036095403 0.013978494623655914 0.01827956989247312 0.04703032214511059
3 0.37132977610748935 0.06628244087016337 0.013978494623655914 0.026881720430107527 0.04703032214511059
3 0.4142774603840717 0.1336139592718574 0.02043010752688172 0.03655913978494624 0.04703032214511059
3 0.40058020782601444 0.16224620316830027 0.043010752688172046 0.01827956989247312 0.04703032214511059
5 0.6182526839893305 0.16370239268298037 0.14623655913978495 0.06451612903225806 0.04703032214511059
5 0.6256656530791536 0.09101060313823048 0.15806451612903225 0.07096774193548387 0.04703032214511059
34 0.5376134498542502 0.12890531891432805 0.16129032258064516 0.07419354838709677 0.04703032214511059
34 0.5655481974941124 0.08332836375851346 0.18494623655913978 0.07956989247311828 0.04703032214511059
5 0.4412323520768244 0.06144878202267435 0.043010752688172046 0.08817204301075268 0.04703032214511059
5 0.4169126788562643 0.11265548890034913 0.04946236559139785 0.09032258064516129 0.04703032214511059
5 0.45930028497406045 0.041903125995814215 0.05268817204301075 0.09462365591397849 0.04703032214511059
