5 0.9290240261892864 0.5599983879238055 0.03655913978494624 0.1935483870967742 0.09412707147537483
30 0.8732925333272429 0.545166455599128 0.06236559139784946 0.1827956989247312 0.09412707147537483
49 0.8806313651891815 0.2706831450763839 0.034408602150537634 0.047311827956989246 0.09412707147537483
25 0.8541670279519331 0.274100040312228 0.02795698924731183 0.043010752688172046 0.09412707147537483
25 0.8618351813139091 0.35540824617484995 0.030107526881720432 0.043010752688172046 0.09412707147537483
25 0.9028954455047009 0.37747015176399185 0.025806451612903226 0.04516129032258064 0.09412707147537483
25 0.7776200170377613 0.41006489843504823 0.03225806451612903 0.05161290322580645 0.09412707147537483
25 0.8628926678341367 0.37681305377175317 0.03225806451612903 0.05161290322580645 0.09412707147537483
25 0.9508649790870172 0.35328684657623927 0.034408602150537634 0.053763440860215055 0.09412707147537483
25 0.8510524029046783 0.3274305079964033 0.02795698924731183 0.043010752688172046 0.09412707147537483
25 0.8286614936038998 0.28948087089726426 0.030107526881720432 0.04516129032258064 0.09412707147537483
25 0.7768523349553526 0.31981579243544817 0.030107526881720432 0.04516129032258064 0.09412707147537483
25 0.7798111107333053 0.3664830075863065 0.03225806451612903 0.04516129032258064 0.09412707147537483
25 0.8001316698009013 0.4566863194748424 0.03655913978494624 0.053763440860215055 0.09412707147537483
25 0.8509764200056033 0.4039251855608479 0.034408602150537634 0.053763440860215055 0.09412707147537483
4 0.8568857707954113 0.49944909288623307 0.03225806451612903 0.05161290322580645 0.09412707147537483
25 0.8189404661457196 0.4088473917352333 0.034408602150537634 0.05161290322580645 0.09412707147537483
25 0.8033086104925358 0.3895433571644649 0.030107526881720432 0.043010752688172046 0.09412707147537483
25 0.8196743828621218 0.4235478981036429 0.03225806451612903 0.04516129032258064 0.09412707147537483
4 0.6663320065692484 0.8022962320429547 0.13978494623655913 0.24408602150537634 0.09412707147537483
4 0.29675115093989 0.905379635299571 0.11612903225806452 0.25483870967741934 0.09412707147537483
4 0.47080538741217104 0.7992262909751531 0.0935483870967742 0.26021505376344084 0.09412707147537483
4 0.5335720022041412 0.9315955215156212 0.10967741935483871 0.15698924731182795 0.09412707147537483
14 0.3634439598529757 0.7311736010784022 0.09247311827956989 0.14838709677419354 0.09412707147537483
4 0.9732951618793594 0.3528460987054979 0.030107526881720432 0.04946236559139785 0.09412707147537483
4 0.7150834735733107 0.3946189940573261 0.03655913978494624 0.053763440860215055 0.09412707147537483
25 0.2695034802305827 0.8173268477625004 0.03870967741935484 0.07311827956989247 0.09412707147537483
25 0.1412439523430348 0.8911713641520974 0.04086021505376344 0.07311827956989247 0.09412707147537483
25 0.34988449057808696 0.5872690603665655 0.047311827956989246 0.07526881720430108 0.09412707147537483
25 0.36628027665636387 0.7172276426744377 0.047311827956989246 0.07311827956989247 0.09412707147537483
25 0.38473863744921066 0.6396665702688702 0.04946236559139785 0.07526881720430108 0.09412707147537483
25 0.40471910824717217 0.6460735960885258 0.05161290322580645 0.07741935483870968 0.09412707147537483
25 0.3166678466741526 0.5409235879402708 0.04086021505376344 0.07311827956989247 0.09412707147537483
25 0.30081386790832815 0.6342808807384129 0.04086021505376344 0.07526881720430108 0.09412707147537483
25 0.3250315366725848 0.5568530319323395 0.04086021505376344 0.07311827956989247 0.09412707147537483
25 0.3283209208720127 0.5590092185652367 0.043010752688172046 0.07311827956989247 0.09412707147537483
25 0.36986437135610173 0.5496783909277855 0.043010752688172046 0.07526881720430108 0.09412707147537483
3 0.20923212324875926 0.8280582190962948 0.021505376344086023 0.03870967741935484 0.09412707147537483
