25 0.8600374059828397 0.23278711487055687 0.05698924731182796 0.021505376344086023 0.08978410775805777
3 0.2540955167399772 0.24057010209451232 0.02795698924731183 0.047311827956989246 0.08978410775805777
25 0.3626175535500781 0.0058882018592709695 0.03333333333333333 0.04516129032258064 0.08978410775805777
3 0.4792996034327548 0.02488947100841174 0.03225806451612903 0.04408602150537634 0.08978410775805777
25 0.43221073761249496 0.041251524171143784 0.034408602150537634 0.047311827956989246 0.08978410775805777
12 0.4364873433960215 0.04459368928571312 0.02903225806451613 0.041935483870967745 0.08978410775805777
12 0.3839401428086629 0.13178182283899753 0.03118279569892473 0.05053763440860215 0.08978410775805777
25 0.42789029745359286 0.05122259537634306 0.02795698924731183 0.043010752688172046 0.08978410775805777
25 0.39317570701897436 0.03931748339773086 0.035483870967741936 0.05053763440860215 0.08978410775805777
3 0.2572344047275327 0.08604726648932362 0.03225806451612903 0.04946236559139785 0.08978410775805777
12 0.3853144604693207 0.11371521369146442 0.03333333333333333 0.047311827956989246 0.08978410775805777
25 0.4116561093365086 0.09266820724706343 0.035483870967741936 0.04516129032258064 0.08978410775805777
25 0.48170218244019236 0.09890951010178788 0.03763440860215054 0.053763440860215055 0.08978410775805777
25 0.4371553196807628 0.19950193685830322 0.04946236559139785 0.05268817204301075 0.08978410775805777
49 0.032078207944932345 0.3365786657647543 0.05161290322580645 0.05053763440860215 0.08978410775805777
4 0.04337417800681657 0.5444024230112281 0.07849462365591398 0.2086021505376344 0.08978410775805777
4 0.16745697675628995 0.8939018648175786 0.06344086021505377 0.17956989247311828 0.08978410775805777
31 0.4266232560406991 0.4277062512925278 0.16021505376344086 0.44731182795698926 0.08978410775805777
