49 0.3201258171802683 0.3460831129588587 0.03118279569892473 0.016129032258064516 0.03583262512216205
3 0.2823432230256705 0.3816574277219874 0.02043010752688172 0.026881720430107527 0.03583262512216205
3 0.3568516729132893 0.33873733664490563 0.035483870967741936 0.00967741935483871 0.03583262512216205
3 0.35498719346362934 0.34530455591437353 0.034408602150537634 0.008602150537634409 0.03583262512216205
3 0.34535413529671155 0.33015382562549517 0.03333333333333333 0.008602150537634409 0.03583262512216205
3 0.35969704342538233 0.2915226014088044 0.046236559139784944 0.021505376344086023 0.03583262512216205
4 0.8874198176864275 0.8914820231988609 0.13333333333333333 0.060215053763440864 0.03583262512216205
4 0.8653496922719833 0.9318800089658462 0.13118279569892474 0.05806451612903226 0.03583262512216205
4 0.6804777092110581 0.926544707811236 0.16344086021505377 0.060215053763440864 0.03583262512216205
4 0.6876057933929608 0.9406766064679624 0.16129032258064516 0.05806451612903226 0.03583262512216205
5 0.49897222076987385 0.8723291487995664 0.16344086021505377 0.05591397849462366 0.03583262512216205
4 0.5181871859635978 0.8405804190916675 0.13978494623655913 0.05161290322580645 0.03583262512216205
5 0.26487944467477276 0.7704384268838321 0.03225806451612903 0.053763440860215055 0.03583262512216205
5 0.2544488863274175 0.7521321033253373 0.034408602150537634 0.05591397849462366 0.03583262512216205
5 0.291838476856341 0.795064997466097 0.03225806451612903 0.053763440860215055 0.03583262512216205
25 0.31743173495806387 0.874066086096413 0.13978494623655913 0.05591397849462366 0.03583262512216205
5 0.02037774550761044 0.43434395783778396 0.06881720430107527 0.10967741935483871 0.03583262512216205
5 0.029917430552261745 0.2881935035551353 0.07311827956989247 0.12473118279569892 0.03583262512216205
4 0.4342197679416031 0.3952054479399363 0.06666666666666667 0.13548387096774195 0.03583262512216205
4 0.3183358282980004 0.6045872438690875 0.07741935483870968 0.15053763440860216 0.03583262512216205
