49 0.794730118693252 0.2661182682366906 0.02795698924731183 0.016129032258064516 0.10345738147265696
31 0.3034712524784604 0.7513590709232 0.12473118279569892 0.07634408602150537 0.10345738147265696
34 0.8705690630862559 0.4809474650915192 0.15806451612903225 0.07741935483870968 0.10345738147265696
34 0.6897849008789093 0.4173980701474063 0.2129032258064516 0.07741935483870968 0.10345738147265696
34 0.6601992249441784 0.42905694479608547 0.24946236559139784 0.08387096774193549 0.10345738147265696
4 0.39850277148223057 0.23712661073826455 0.16129032258064516 0.060215053763440864 0.10345738147265696
4 0.46426270577495027 0.2392315214888853 0.15913978494623657 0.05806451612903226 0.10345738147265696
4 0.4336075025934946 0.33719960758007667 0.09032258064516129 0.03655913978494624 0.10345738147265696
4 0.40047295573061786 0.27895596549037244 0.08817204301075268 0.03870967741935484 0.10345738147265696
29 0.28744066412413594 0.30167291620987513 0.16129032258064516 0.07526881720430108 0.10345738147265696
29 0.36367780364485974 0.2705284801556891 0.14193548387096774 0.07311827956989247 0.10345738147265696
29 0.1431599113166279 0.26928749905600347 0.07741935483870968 0.08172043010752689 0.10345738147265696
29 0.13715764769616967 0.10663395546766966 0.09247311827956989 0.0967741935483871 0.10345738147265696
