49 0.578599009780453 0.4263515897469165 0.03333333333333333 0.017204301075268817 0.07449930260285137
3 0.5762239981688441 0.4159895401515231 0.021505376344086023 0.02795698924731183 0.07449930260285137
3 0.5880716450267174 0.3160064427871943 0.03763440860215054 0.010752688172043012 0.07449930260285137
3 0.6001067164326923 0.3404048136694636 0.035483870967741936 0.00967741935483871 0.07449930260285137
3 0.5986215821635704 0.27027498713973924 0.034408602150537634 0.00967741935483871 0.07449930260285137
3 0.5839560393683098 0.32349792108826203 0.04838709677419355 0.023655913978494623 0.07449930260285137
4 0.895973382506264 0.9033479712031148 0.14946236559139786 0.04838709677419355 0.07449930260285137
4 0.7846335229834956 0.8209720492879689 0.14086021505376345 0.05268817204301075 0.07449930260285137
5 0.7399347185682162 0.8812403401726603 0.16129032258064516 0.05591397849462366 0.07449930260285137
4 0.7772984397720184 0.8872561491751371 0.13763440860215054 0.05161290322580645 0.07449930260285137
5 0.4575958371308819 0.6752275349488114 0.030107526881720432 0.05161290322580645 0.07449930260285137
5 0.5465001636475763 0.7576818542600973 0.03225806451612903 0.053763440860215055 0.07449930260285137
5 0.6225962572178807 0.7283014073237674 0.030107526881720432 0.05161290322580645 0.07449930260285137
25 0.5233999985082172 0.8111048558852194 0.13763440860215054 0.053763440860215055 0.07449930260285137
3 0.24428928183925436 0.1490174475577114 0.017204301075268817 0.03225806451612903 0.07449930260285137
5 0.20916572046151574 0.44740047016264123 0.06666666666666667 0.10967741935483871 0.07449930260285137
5 0.26850381005303114 0.3628892420995573 0.07096774193548387 0.12473118279569892 0.07449930260285137
4 0.627935413780982 0.37004024647011274 0.06666666666666667 0.13333333333333333 0.07449930260285137
4 0.5658335157459148 0.40562880597750883 0.07741935483870968 0.14838709677419354 0.07449930260285137
