49 0.8084557597031018 0.4853605629002172 0.021505376344086023 0.023655913978494623 0.029798858556214527
49 0.624692648895005 0.5109077793525715 0.05913978494623656 0.03978494623655914 0.029798858556214527
3 0.6911140190825618 0.45290646088081543 0.02258064516129032 0.013978494623655914 0.029798858556214527
3 0.6796250332237578 0.46374207183816735 0.043010752688172046 0.02795698924731183 0.029798858556214527
49 0.6985764735951905 0.4842851602532788 0.05698924731182796 0.02258064516129032 0.029798858556214527
49 0.6773810350687058 0.4366161764059356 0.04516129032258064 0.02258064516129032 0.029798858556214527
49 0.7178859548024964 0.4487327444440444 0.06129032258064516 0.03763440860215054 0.029798858556214527
49 0.6942336020778469 0.3762941827067291 0.06129032258064516 0.03118279569892473 0.029798858556214527
49 0.7302509807394866 0.35992652347599374 0.06559139784946237 0.03333333333333333 0.029798858556214527
49 0.7258716493055589 0.32156894654325713 0.06559139784946237 0.03333333333333333 0.029798858556214527
3 0.7136757475792762 0.4537107796097139 0.024731182795698924 0.02043010752688172 0.029798858556214527
3 0.8545208203432375 0.4555048316818886 0.023655913978494623 0.013978494623655914 0.029798858556214527
3 0.9020256325844526 0.4324089803606894 0.025806451612903226 0.026881720430107527 0.029798858556214527
3 0.7755779213779583 0.3729598969270105 0.023655913978494623 0.02258064516129032 0.029798858556214527
3 0.7954962396661982 0.3963656173088301 0.026881720430107527 0.01827956989247312 0.029798858556214527
3 0.7213723941126146 0.36379472315942024 0.017204301075268817 0.02258064516129032 0.029798858556214527
3 0.6499860889211184 0.43969066128439127 0.024731182795698924 0.02258064516129032 0.029798858556214527
3 0.6310875202689754 0.4116505471561298 0.024731182795698924 0.01827956989247312 0.029798858556214527
3 0.6799189071565577 0.3191927722940293 0.02043010752688172 0.02258064516129032 0.029798858556214527
3 0.6460616879040322 0.3677620975306049 0.024731182795698924 0.02258064516129032 0.029798858556214527
3 0.6716048602135497 0.32331554732855905 0.026881720430107527 0.02258064516129032 0.029798858556214527
3 0.6869516921499011 0.28288052682870035 0.02258064516129032 0.02258064516129032 0.029798858556214527
49 0.7248567648666523 0.2777094067538428 0.08817204301075268 0.03978494623655914 0.029798858556214527
3 0.7545420317788014 0.27166659580498465 0.026881720430107527 0.01827956989247312 0.029798858556214527
49 0.721840617002984 0.251501796518422 0.06344086021505377 0.02903225806451613 0.029798858556214527
49 0.6693036235425509 0.229662941588677 0.05161290322580645 0.024731182795698924 0.029798858556214527
49 0.7430780382423243 0.2531458753954854 0.08817204301075268 0.05268817204301075 0.029798858556214527
49 0.7488885345238075 0.19737387194481662 0.09462365591397849 0.054838709677419356 0.029798858556214527
49 0.7563497081262038 0.18539732772077258 0.0967741935483871 0.054838709677419356 0.029798858556214527
49 0.7922647667985101 0.12139048432311159 0.05913978494623656 0.03870967741935484 0.029798858556214527
49 0.787619861523839 0.012529163789179513 0.02043010752688172 0.008602150537634409 0.029798858556214527
49 0.8251486031206217 0.03174791162359412 0.06129032258064516 0.03978494623655914 0.029798858556214527
49 0.7935390891536648 0.0022281316041346325 0.05053763440860215 0.017204301075268817 0.029798858556214527
4 0.9110516832931431 0.7740568512576742 0.17849462365591398 0.14623655913978495 0.029798858556214527
