4 0.4331406677182842 0.8696678030487976 0.3634408602150538 0.23225806451612904
49 0.5007174098613905 0.6089861174368318 0.01935483870967742 0.021505376344086023
49 0.37098749626907856 0.5188000699176072 0.05806451612903226 0.03870967741935484
3 0.35533614239650707 0.4339653764490018 0.021505376344086023 0.012903225806451613
3 0.44067291991728524 0.43348234448819223 0.04086021505376344 0.025806451612903226
49 0.3549838123278861 0.6385888821263362 0.05591397849462366 0.021505376344086023
49 0.45849696602612044 0.4625280872589371 0.043010752688172046 0.021505376344086023
49 0.46923302489670526 0.4013529696969151 0.060215053763440864 0.03655913978494624
49 0.5058326317545192 0.35907361460660314 0.060215053763440864 0.030107526881720432
49 0.48129434354077755 0.40252346935169736 0.06451612903225806 0.03225806451612903
49 0.15977643222714216 0.23957442311567817 0.06451612903225806 0.03225806451612903
3 0.47539413596046304 0.4487300089016657 0.023655913978494623 0.01935483870967742
3 0.6378388217438002 0.4804680195069414 0.023655913978494623 0.012903225806451613
3 0.6715718274538194 0.43936286187005696 0.023655913978494623 0.025806451612903226
3 0.5339816957895511 0.3894862101987884 0.021505376344086023 0.021505376344086023
3 0.6823894007975462 0.45896451448216596 0.025806451612903226 0.017204301075268817
3 0.21625980271030165 0.4474702600364832 0.015053763440860216 0.021505376344086023
3 0.40661570204431685 0.43233413280359173 0.023655913978494623 0.021505376344086023
3 0.5457140155248033 0.2134314309405903 0.023655913978494623 0.017204301075268817
3 0.36941733408043437 0.2691610101695985 0.01935483870967742 0.01935483870967742
3 0.39498213665736204 0.4671517476364998 0.023655913978494623 0.01935483870967742
3 0.42468401985026705 0.2647089933273092 0.025806451612903226 0.021505376344086023
3 0.4850069532992099 0.30795572816247907 0.021505376344086023 0.01935483870967742
49 0.6266829287672596 0.43094096286222516 0.08602150537634409 0.03870967741935484
3 0.5808646277111599 0.1964107534217611 0.025806451612903226 0.017204301075268817
49 0.5655694422664721 0.37129008288863197 0.06236559139784946 0.02795698924731183
49 0.5308993008114546 0.3123376685988457 0.04946236559139785 0.023655913978494623
49 0.527259574423391 0.3095567678791606 0.08602150537634409 0.05161290322580645
49 0.36232618121660043 0.2648010135715381 0.09247311827956989 0.053763440860215055
49 0.5200093563066369 0.21951364793411662 0.09462365591397849 0.053763440860215055
49 0.5707112690721203 0.13778563326822874 0.05806451612903226 0.03655913978494624
49 0.5179980532645405 0.014820775459705835 0.02043010752688172 0.008602150537634409
49 0.6405109677722401 0.0354442766066068 0.060215053763440864 0.03870967741935484
49 0.8366693244043233 0.2503489793562337 0.05053763440860215 0.017204301075268817
