5 0.039902760550967975 0.7895631395443605 0.06236559139784946 0.02795698924731183
3 0.04974690329377171 0.8475991226356276 0.025806451612903226 0.010752688172043012
3 0.05683839825860574 0.8155664943583808 0.025806451612903226 0.015053763440860216
3 0.13082803888044353 0.8495599200634425 0.02795698924731183 0.012903225806451613
3 0.052610622615006306 0.9804424166230127 0.034408602150537634 0.012903225806451613
3 0.1382115034346497 0.8732688296802819 0.034408602150537634 0.010752688172043012
3 0.09340251798864968 0.7683988426820749 0.015053763440860216 0.021505376344086023
49 0.07236766817898482 0.7114187163277497 0.01935483870967742 0.02795698924731183
12 0.10069438183621637 0.6182333638106099 0.060215053763440864 0.12043010752688173
29 0.12440429428428494 0.6622167847800258 0.06451612903225806 0.10752688172043011
29 0.2607789434176435 0.5195953253335983 0.05161290322580645 0.1010752688172043
29 0.13028206516093782 0.849150862918731 0.03225806451612903 0.060215053763440864
29 0.0793390237430808 0.5603218810570391 0.04946236559139785 0.08602150537634409
29 0.06373005410762447 0.48753486724484757 0.06666666666666667 0.11182795698924732
