29 0.008064516129032258 0.8231182795698925 0.011827956989247311 0.05053763440860215
5 0.17903225806451614 0.6876344086021505 0.04838709677419355 0.06559139784946237
3 0.16881720430107527 0.8349462365591398 0.021505376344086023 0.02043010752688172
3 0.06451612903225806 0.7784946236559139 0.017204301075268817 0.017204301075268817
3 0.0521505376344086 0.7731182795698924 0.02043010752688172 0.021505376344086023
3 0.13763440860215054 0.7779569892473118 0.023655913978494623 0.016129032258064516
3 0.17526881720430107 0.7365591397849462 0.023655913978494623 0.010752688172043012
3 0.22204301075268817 0.7548387096774194 0.02043010752688172 0.0064516129032258064
49 0.18924731182795698 0.8306451612903226 0.06236559139784946 0.06129032258064516
49 0.056451612903225805 0.806989247311828 0.01827956989247312 0.03118279569892473
49 0.17688172043010753 0.7698924731182796 0.08064516129032258 0.047311827956989246
49 0.22634408602150538 0.7397849462365591 0.06774193548387097 0.034408602150537634
3 0.3102150537634409 0.6516129032258065 0.02043010752688172 0.012903225806451613
3 0.26129032258064516 0.6397849462365591 0.017204301075268817 0.008602150537634409
3 0.20376344086021506 0.635483870967742 0.02043010752688172 0.021505376344086023
3 0.17419354838709677 0.632258064516129 0.01935483870967742 0.01935483870967742
3 0.1586021505376344 0.6279569892473118 0.01827956989247312 0.017204301075268817
3 0.12903225806451613 0.6161290322580645 0.01935483870967742 0.012903225806451613
3 0.11236559139784946 0.6005376344086022 0.013978494623655914 0.016129032258064516
3 0.09086021505376345 0.5973118279569892 0.01827956989247312 0.011827956989247311
49 0.30053763440860215 0.6408602150537634 0.05698924731182796 0.025806451612903226
49 0.24301075268817204 0.6204301075268818 0.043010752688172046 0.023655913978494623
49 0.17903225806451614 0.6064516129032258 0.03333333333333333 0.04516129032258064
3 0.639247311827957 0.2489247311827957 0.01827956989247312 0.016129032258064516
3 0.6446236559139785 0.25483870967741934 0.02043010752688172 0.017204301075268817
3 0.46559139784946235 0.010752688172043012 0.021505376344086023 0.01935483870967742
39 0.35591397849462364 0.0064516129032258064 0.017204301075268817 0.010752688172043012
3 0.25967741935483873 0.005376344086021506 0.016129032258064516 0.008602150537634409
3 0.1860215053763441 0.008064516129032258 0.015053763440860216 0.013978494623655914
49 0.1956989247311828 0.008602150537634409 0.012903225806451613 0.015053763440860216
3 0.38387096774193546 0.017204301075268817 0.021505376344086023 0.021505376344086023
3 0.37311827956989246 0.015053763440860216 0.01935483870967742 0.01935483870967742
3 0.36774193548387096 0.00967741935483871 0.017204301075268817 0.017204301075268817
39 0.13118279569892474 0.012903225806451613 0.01935483870967742 0.021505376344086023
3 0.267741935483871 0.011827956989247311 0.01935483870967742 0.01935483870967742
39 0.22258064516129034 0.02258064516129032 0.023655913978494623 0.021505376344086023
39 0.28279569892473116 0.017204301075268817 0.025806451612903226 0.023655913978494623
3 0.08817204301075268 0.5774193548387097 0.017204301075268817 0.01935483870967742
3 0.05698924731182796 0.5763440860215053 0.017204301075268817 0.01935483870967742
3 0.03870967741935484 0.5752688172043011 0.01935483870967742 0.015053763440860216
49 0.02956989247311828 0.5080645161290323 0.00967741935483871 0.02903225806451613
49 0.03494623655913978 0.5548387096774193 0.02043010752688172 0.02795698924731183
49 0.14301075268817204 0.5860215053763441 0.043010752688172046 0.05806451612903226
49 0.11827956989247312 0.5698924731182796 0.03870967741935484 0.053763440860215055
49 0.08064516129032258 0.5634408602150538 0.043010752688172046 0.05161290322580645
49 0.05268817204301075 0.5494623655913978 0.04946236559139785 0.05591397849462366
3 0.46559139784946235 0.03333333333333333 0.01935483870967742 0.021505376344086023
3 0.45268817204301076 0.09247311827956989 0.025806451612903226 0.023655913978494623
3 0.43333333333333335 0.09032258064516129 0.023655913978494623 0.02795698924731183
3 0.4150537634408602 0.06666666666666667 0.021505376344086023 0.025806451612903226
3 0.3935483870967742 0.06344086021505377 0.023655913978494623 0.025806451612903226
3 0.3827956989247312 0.06129032258064516 0.017204301075268817 0.01935483870967742
3 0.3602150537634409 0.03978494623655914 0.021505376344086023 0.02795698924731183
3 0.34623655913978496 0.03655913978494624 0.023655913978494623 0.02795698924731183
3 0.32688172043010755 0.026881720430107527 0.025806451612903226 0.030107526881720432
3 0.3118279569892473 0.02258064516129032 0.023655913978494623 0.030107526881720432
39 0.3935483870967742 0.025806451612903226 0.021505376344086023 0.023655913978494623
39 0.4064516129032258 0.025806451612903226 0.01935483870967742 0.021505376344086023
39 0.42258064516129035 0.041935483870967745 0.023655913978494623 0.02795698924731183
39 0.44086021505376344 0.047311827956989246 0.021505376344086023 0.025806451612903226
39 0.4204301075268817 0.07419354838709677 0.025806451612903226 0.025806451612903226
39 0.45806451612903226 0.06559139784946237 0.021505376344086023 0.023655913978494623
39 0.48494623655913977 0.05806451612903226 0.021505376344086023 0.023655913978494623
39 0.38387096774193546 0.09247311827956989 0.025806451612903226 0.023655913978494623
39 0.37311827956989246 0.08709677419354839 0.025806451612903226 0.023655913978494623
3 0.3634408602150538 0.08602150537634409 0.023655913978494623 0.021505376344086023
3 0.34838709677419355 0.08387096774193549 0.025806451612903226 0.02795698924731183
3 0.3333333333333333 0.06774193548387097 0.025806451612903226 0.025806451612903226
39 0.31827956989247314 0.06666666666666667 0.02795698924731183 0.025806451612903226
39 0.3010752688172043 0.05806451612903226 0.025806451612903226 0.023655913978494623
3 0.2849462365591398 0.05268817204301075 0.02795698924731183 0.025806451612903226
49 0.23333333333333334 0.02903225806451613 0.023655913978494623 0.021505376344086023
49 0.2645161290322581 0.03870967741935484 0.02795698924731183 0.025806451612903226
39 0.14086021505376345 0.017204301075268817 0.01935483870967742 0.021505376344086023
39 0.15698924731182795 0.03225806451612903 0.01935483870967742 0.023655913978494623
39 0.18494623655913978 0.03870967741935484 0.021505376344086023 0.021505376344086023
3 0.1967741935483871 0.04516129032258064 0.03225806451612903 0.030107526881720432
3 0.2118279569892473 0.05053763440860215 0.021505376344086023 0.021505376344086023
3 0.22688172043010751 0.06344086021505377 0.021505376344086023 0.021505376344086023
49 0.23655913978494625 0.06129032258064516 0.021505376344086023 0.025806451612903226
3 0.24408602150537634 0.06774193548387097 0.023655913978494623 0.021505376344086023
3 0.256989247311828 0.07311827956989247 0.02795698924731183 0.025806451612903226
3 0.2763440860215054 0.08602150537634409 0.023655913978494623 0.023655913978494623
3 0.28817204301075267 0.09032258064516129 0.025806451612903226 0.025806451612903226
3 0.3053763440860215 0.09247311827956989 0.03225806451612903 0.030107526881720432
3 0.3118279569892473 0.1053763440860215 0.023655913978494623 0.021505376344086023
3 0.32688172043010755 0.10967741935483871 0.021505376344086023 0.023655913978494623
3 0.34838709677419355 0.11612903225806452 0.023655913978494623 0.025806451612903226
39 0.35913978494623655 0.11827956989247312 0.01935483870967742 0.025806451612903226
3 0.3709677419354839 0.11827956989247312 0.025806451612903226 0.02795698924731183
3 0.42795698924731185 0.12473118279569892 0.02795698924731183 0.03870967741935484
39 0.3978494623655914 0.110752688172043 0.01935483870967742 0.023655913978494623
3 0.3860215053763441 0.11612903225806452 0.025806451612903226 0.03225806451612903
3 0.45161290322580644 0.12580645161290321 0.025806451612903226 0.02795698924731183
3 0.5 0.0956989247311828 0.025806451612903226 0.03655913978494624
3 0.47634408602150535 0.13225806451612904 0.034408602150537634 0.03655913978494624
3 0.42473118279569894 0.2021505376344086 0.02795698924731183 0.025806451612903226
3 0.36989247311827955 0.1860215053763441 0.04516129032258064 0.04516129032258064
3 0.3419354838709677 0.17849462365591398 0.04516129032258064 0.043010752688172046
3 0.3172043010752688 0.16021505376344086 0.043010752688172046 0.043010752688172046
3 0.3064516129032258 0.15268817204301074 0.043010752688172046 0.04086021505376344
3 0.2903225806451613 0.14731182795698924 0.04086021505376344 0.03870967741935484
3 0.278494623655914 0.14408602150537633 0.04086021505376344 0.03870967741935484
3 0.26881720430107525 0.14086021505376345 0.03655913978494624 0.034408602150537634
3 0.25268817204301075 0.13655913978494624 0.034408602150537634 0.03225806451612903
3 0.23548387096774193 0.13333333333333333 0.034408602150537634 0.03225806451612903
3 0.22580645161290322 0.12150537634408602 0.030107526881720432 0.030107526881720432
3 0.2053763440860215 0.13225806451612904 0.030107526881720432 0.030107526881720432
3 0.2 0.1086021505376344 0.030107526881720432 0.02795698924731183
3 0.1913978494623656 0.1032258064516129 0.02795698924731183 0.025806451612903226
3 0.17956989247311828 0.0989247311827957 0.025806451612903226 0.023655913978494623
3 0.15591397849462366 0.0978494623655914 0.025806451612903226 0.023655913978494623
3 0.14516129032258066 0.09032258064516129 0.025806451612903226 0.023655913978494623
3 0.13548387096774195 0.08817204301075268 0.023655913978494623 0.021505376344086023
3 0.10967741935483871 0.07956989247311828 0.021505376344086023 0.01935483870967742
3 0.1032258064516129 0.07204301075268817 0.021505376344086023 0.021505376344086023
3 0.08172043010752689 0.06344086021505377 0.01935483870967742 0.017204301075268817
3 0.26666666666666666 0.17849462365591398 0.030107526881720432 0.030107526881720432
3 0.2591397849462366 0.17204301075268819 0.030107526881720432 0.030107526881720432
3 0.25161290322580643 0.17419354838709677 0.030107526881720432 0.02795698924731183
3 0.24408602150537634 0.16881720430107527 0.02795698924731183 0.025806451612903226
3 0.23548387096774193 0.16451612903225807 0.025806451612903226 0.023655913978494623
3 0.22903225806451613 0.16236559139784945 0.025806451612903226 0.023655913978494623
3 0.22043010752688172 0.16344086021505377 0.023655913978494623 0.021505376344086023
3 0.2086021505376344 0.15591397849462366 0.03225806451612903 0.030107526881720432
3 0.1989247311827957 0.15268817204301074 0.030107526881720432 0.030107526881720432
3 0.17096774193548386 0.13440860215053763 0.030107526881720432 0.02795698924731183
3 0.16236559139784945 0.12903225806451613 0.02795698924731183 0.025806451612903226
3 0.13870967741935483 0.12365591397849462 0.02795698924731183 0.025806451612903226
3 0.13010752688172042 0.12258064516129032 0.025806451612903226 0.023655913978494623
3 0.11827956989247312 0.11827956989247312 0.025806451612903226 0.023655913978494623
3 0.1086021505376344 0.11290322580645161 0.021505376344086023 0.021505376344086023
3 0.09032258064516129 0.10752688172043011 0.030107526881720432 0.02795698924731183
3 0.08279569892473118 0.0989247311827957 0.02795698924731183 0.025806451612903226
3 0.07311827956989247 0.1 0.025806451612903226 0.023655913978494623
3 0.05913978494623656 0.0935483870967742 0.023655913978494623 0.021505376344086023
49 0.3311827956989247 0.16451612903225807 0.017204301075268817 0.01935483870967742
49 0.3258064516129032 0.1881720430107527 0.017204301075268817 0.01935483870967742
39 0.08709677419354839 0.07096774193548387 0.02795698924731183 0.02795698924731183
49 0.15591397849462366 0.12473118279569892 0.01935483870967742 0.021505376344086023
39 0.11505376344086021 0.15268817204301074 0.021505376344086023 0.025806451612903226
39 0.18064516129032257 0.13870967741935483 0.01935483870967742 0.01935483870967742
39 0.0978494623655914 0.11182795698924732 0.023655913978494623 0.023655913978494623
39 0.278494623655914 0.18064516129032257 0.01935483870967742 0.023655913978494623
39 0.3827956989247312 0.1860215053763441 0.02795698924731183 0.030107526881720432
39 0.3387096774193548 0.1989247311827957 0.01935483870967742 0.023655913978494623
49 0.2924731182795699 0.21397849462365592 0.017204301075268817 0.023655913978494623
49 0.27956989247311825 0.210752688172043 0.015053763440860216 0.023655913978494623
39 0.267741935483871 0.2075268817204301 0.017204301075268817 0.023655913978494623
39 0.24516129032258063 0.2064516129032258 0.017204301075268817 0.021505376344086023
39 0.1956989247311828 0.19032258064516128 0.023655913978494623 0.025806451612903226
39 0.14193548387096774 0.16021505376344086 0.025806451612903226 0.025806451612903226
3 0.2537634408602151 0.2086021505376344 0.023655913978494623 0.030107526881720432
3 0.3118279569892473 0.2172043010752688 0.023655913978494623 0.030107526881720432
3 0.23548387096774193 0.20430107526881722 0.021505376344086023 0.025806451612903226
3 0.22258064516129034 0.2010752688172043 0.023655913978494623 0.02795698924731183
3 0.210752688172043 0.1978494623655914 0.023655913978494623 0.025806451612903226
3 0.1817204301075269 0.1817204301075269 0.03225806451612903 0.030107526881720432
3 0.15806451612903225 0.16989247311827957 0.030107526881720432 0.02795698924731183
3 0.12580645161290321 0.15698924731182795 0.025806451612903226 0.02795698924731183
3 0.10752688172043011 0.14516129032258066 0.02795698924731183 0.02795698924731183
3 0.0956989247311828 0.13978494623655913 0.02795698924731183 0.025806451612903226
3 0.07849462365591398 0.13548387096774195 0.025806451612903226 0.023655913978494623
3 0.06344086021505377 0.12795698924731183 0.023655913978494623 0.021505376344086023
3 0.04838709677419355 0.11612903225806452 0.01935483870967742 0.01935483870967742
3 0.03978494623655914 0.110752688172043 0.023655913978494623 0.021505376344086023
3 0.03655913978494624 0.1053763440860215 0.023655913978494623 0.021505376344086023
3 0.03333333333333333 0.15591397849462366 0.017204301075268817 0.01935483870967742
3 0.03763440860215054 0.15806451612903225 0.025806451612903226 0.030107526881720432
39 0.05268817204301075 0.1870967741935484 0.025806451612903226 0.010752688172043012
39 0.04247311827956989 0.17903225806451614 0.02258064516129032 0.007526881720430108
49 0.02849462365591398 0.21827956989247313 0.007526881720430108 0.012903225806451613
49 0.03333333333333333 0.2064516129032258 0.01935483870967742 0.015053763440860216
3 0.04838709677419355 0.24946236559139784 0.023655913978494623 0.017204301075268817
49 0.03387096774193549 0.3629032258064516 0.01827956989247312 0.02258064516129032
3 0.060215053763440864 0.421505376344086 0.021505376344086023 0.01935483870967742
3 0.06666666666666667 0.4161290322580645 0.021505376344086023 0.021505376344086023
3 0.12903225806451613 0.3827956989247312 0.021505376344086023 0.021505376344086023
3 0.11290322580645161 0.38387096774193546 0.025806451612903226 0.03225806451612903
3 0.1032258064516129 0.37526881720430105 0.02795698924731183 0.034408602150537634
3 0.06344086021505377 0.3741935483870968 0.01935483870967742 0.03225806451612903
3 0.04946236559139785 0.3720430107526882 0.021505376344086023 0.03655913978494624
49 0.04086021505376344 0.36451612903225805 0.017204301075268817 0.025806451612903226
49 0.13010752688172042 0.44946236559139785 0.05591397849462366 0.025806451612903226
49 0.13010752688172042 0.4344086021505376 0.05591397849462366 0.025806451612903226
49 0.13225806451612904 0.4182795698924731 0.053763440860215055 0.025806451612903226
39 0.04086021505376344 0.4064516129032258 0.03225806451612903 0.02795698924731183
49 0.06881720430107527 0.4075268817204301 0.043010752688172046 0.021505376344086023
49 0.0913978494623656 0.3688172043010753 0.023655913978494623 0.03655913978494624
49 0.07741935483870968 0.3720430107526882 0.023655913978494623 0.034408602150537634
3 0.034408602150537634 0.36774193548387096 0.021505376344086023 0.03225806451612903
3 0.15913978494623657 0.45161290322580644 0.01935483870967742 0.01935483870967742
3 0.16021505376344086 0.43333333333333335 0.017204301075268817 0.021505376344086023
3 0.16451612903225807 0.4236559139784946 0.010752688172043012 0.015053763440860216
3 0.17311827956989248 0.4268817204301075 0.017204301075268817 0.021505376344086023
3 0.1827956989247312 0.4258064516129032 0.017204301075268817 0.021505376344086023
3 0.13225806451612904 0.3967741935483871 0.04086021505376344 0.021505376344086023
3 0.17096774193548386 0.4053763440860215 0.03655913978494624 0.017204301075268817
49 0.2172043010752688 0.44193548387096776 0.023655913978494623 0.015053763440860216
3 0.34086021505376346 0.4483870967741935 0.017204301075268817 0.01935483870967742
29 0.2849462365591398 0.4258064516129032 0.053763440860215055 0.034408602150537634
3 0.25053763440860216 0.46559139784946235 0.023655913978494623 0.01935483870967742
3 0.29354838709677417 0.5021505376344086 0.01935483870967742 0.023655913978494623
3 0.33978494623655914 0.5075268817204301 0.023655913978494623 0.017204301075268817
49 0.22795698924731184 0.4010752688172043 0.043010752688172046 0.023655913978494623
49 0.22580645161290322 0.4129032258064516 0.053763440860215055 0.025806451612903226
49 0.21935483870967742 0.432258064516129 0.04086021505376344 0.01935483870967742
49 0.2645161290322581 0.45161290322580644 0.043010752688172046 0.03225806451612903
49 0.2989247311827957 0.489247311827957 0.053763440860215055 0.04946236559139785
49 0.35913978494623655 0.4774193548387097 0.06236559139784946 0.05591397849462366
49 0.37311827956989246 0.46236559139784944 0.05806451612903226 0.05161290322580645
49 0.38387096774193546 0.4483870967741935 0.047311827956989246 0.043010752688172046
39 0.038172043010752686 0.3118279569892473 0.026881720430107527 0.017204301075268817
3 0.060215053763440864 0.3258064516129032 0.01935483870967742 0.03225806451612903
3 0.09032258064516129 0.3258064516129032 0.015053763440860216 0.025806451612903226
49 0.1639784946236559 0.3467741935483871 0.007526881720430108 0.01827956989247312
49 0.17096774193548386 0.3473118279569892 0.0064516129032258064 0.017204301075268817
49 0.1827956989247312 0.34516129032258064 0.021505376344086023 0.04516129032258064
49 0.2010752688172043 0.34408602150537637 0.021505376344086023 0.04086021505376344
3 0.13440860215053763 0.32688172043010755 0.017204301075268817 0.021505376344086023
3 0.2118279569892473 0.3602150537634409 0.015053763440860216 0.021505376344086023
49 0.22580645161290322 0.3387096774193548 0.02795698924731183 0.03655913978494624
39 0.24193548387096775 0.32903225806451614 0.017204301075268817 0.023655913978494623
3 0.25053763440860216 0.3301075268817204 0.010752688172043012 0.01935483870967742
3 0.2623655913978495 0.33225806451612905 0.012903225806451613 0.023655913978494623
3 0.33225806451612905 0.36989247311827955 0.023655913978494623 0.01935483870967742
3 0.17311827956989248 0.26559139784946234 0.015053763440860216 0.017204301075268817
3 0.2 0.2913978494623656 0.023655913978494623 0.021505376344086023
3 0.19462365591397848 0.2645161290322581 0.012903225806451613 0.017204301075268817
3 0.21397849462365592 0.27204301075268816 0.017204301075268817 0.023655913978494623
3 0.21505376344086022 0.28279569892473116 0.015053763440860216 0.021505376344086023
3 0.22473118279569892 0.2817204301075269 0.010752688172043012 0.01935483870967742
3 0.23225806451612904 0.2806451612903226 0.010752688172043012 0.01935483870967742
3 0.23978494623655913 0.2763440860215054 0.017204301075268817 0.021505376344086023
3 0.24838709677419354 0.27741935483870966 0.017204301075268817 0.023655913978494623
3 0.25591397849462366 0.27956989247311825 0.017204301075268817 0.021505376344086023
3 0.26344086021505375 0.2817204301075269 0.017204301075268817 0.021505376344086023
3 0.2731182795698925 0.2849462365591398 0.010752688172043012 0.017204301075268817
3 0.33225806451612905 0.36989247311827955 0.021505376344086023 0.01935483870967742
3 0.3247311827956989 0.37311827956989246 0.010752688172043012 0.01935483870967742
3 0.34623655913978496 0.34301075268817205 0.012903225806451613 0.01935483870967742
49 0.3311827956989247 0.34301075268817205 0.02795698924731183 0.043010752688172046
39 0.3021505376344086 0.3387096774193548 0.03225806451612903 0.047311827956989246
49 0.37849462365591396 0.278494623655914 0.03225806451612903 0.06881720430107527
49 0.3548387096774194 0.2752688172043011 0.025806451612903226 0.06666666666666667
49 0.3301075268817204 0.2838709677419355 0.03870967741935484 0.08817204301075268
