39 0.5876344086021505 0.014516129032258065 0.02258064516129032 0.026881720430107527
39 0.6026881720430107 0.016666666666666666 0.024731182795698924 0.03118279569892473
39 0.6193548387096774 0.01881720430107527 0.023655913978494623 0.02903225806451613
39 0.6327956989247312 0.02258064516129032 0.02903225806451613 0.03655913978494624
39 0.6456989247311828 0.02849462365591398 0.026881720430107527 0.035483870967741936
39 0.6741935483870968 0.037096774193548385 0.025806451612903226 0.03333333333333333
39 0.7026881720430107 0.047311827956989246 0.024731182795698924 0.03225806451612903
39 0.7204301075268817 0.05161290322580645 0.023655913978494623 0.030107526881720432
39 0.7338709677419355 0.05806451612903226 0.02258064516129032 0.030107526881720432
39 0.7446236559139785 0.06236559139784946 0.02258064516129032 0.02795698924731183
39 0.7596774193548387 0.06881720430107527 0.02043010752688172 0.025806451612903226
39 0.7236559139784946 0.0956989247311828 0.025806451612903226 0.030107526881720432
39 0.710752688172043 0.08978494623655914 0.023655913978494623 0.02903225806451613
39 0.6978494623655914 0.08494623655913978 0.025806451612903226 0.030107526881720432
39 0.6827956989247311 0.08010752688172043 0.025806451612903226 0.03118279569892473
39 0.6693548387096774 0.07526881720430108 0.024731182795698924 0.030107526881720432
39 0.6553763440860215 0.06989247311827956 0.02043010752688172 0.025806451612903226
39 0.6419354838709678 0.06666666666666667 0.023655913978494623 0.02795698924731183
39 0.6290322580645161 0.06290322580645161 0.025806451612903226 0.03118279569892473
39 0.614516129032258 0.057526881720430106 0.024731182795698924 0.02903225806451613
39 0.6005376344086022 0.051075268817204304 0.02258064516129032 0.026881720430107527
39 0.5876344086021505 0.0478494623655914 0.02043010752688172 0.024731182795698924
39 0.5752688172043011 0.043548387096774194 0.01935483870967742 0.024731182795698924
39 0.5440860215053763 0.03924731182795699 0.017204301075268817 0.02258064516129032
39 0.5408602150537635 0.09193548387096774 0.01935483870967742 0.024731182795698924
39 0.5521505376344086 0.09408602150537634 0.02043010752688172 0.024731182795698924
39 0.5709677419354838 0.10268817204301076 0.01935483870967742 0.024731182795698924
39 0.5629032258064516 0.09731182795698924 0.01827956989247312 0.02258064516129032
39 0.582258064516129 0.10376344086021505 0.02043010752688172 0.024731182795698924
39 0.5924731182795699 0.10967741935483871 0.01935483870967742 0.023655913978494623
39 0.614516129032258 0.11666666666666667 0.02043010752688172 0.026881720430107527
39 0.6263440860215054 0.12096774193548387 0.02043010752688172 0.024731182795698924
39 0.6370967741935484 0.12526881720430108 0.01827956989247312 0.02258064516129032
39 0.656989247311828 0.13118279569892474 0.017204301075268817 0.021505376344086023
39 0.6672043010752688 0.1338709677419355 0.02043010752688172 0.024731182795698924
39 0.6908602150537635 0.1424731182795699 0.02043010752688172 0.024731182795698924
39 0.703763440860215 0.14516129032258066 0.02043010752688172 0.025806451612903226
39 0.7220430107526882 0.15053763440860216 0.02258064516129032 0.02795698924731183
39 0.7096774193548387 0.18064516129032257 0.021505376344086023 0.025806451612903226
39 0.6876344086021505 0.17150537634408602 0.02043010752688172 0.024731182795698924
39 0.6763440860215054 0.16881720430107527 0.023655913978494623 0.02795698924731183
39 0.6655913978494624 0.16344086021505377 0.01935483870967742 0.023655913978494623
39 0.6537634408602151 0.16182795698924732 0.021505376344086023 0.026881720430107527
39 0.6435483870967742 0.15806451612903225 0.02258064516129032 0.025806451612903226
39 0.6311827956989248 0.15483870967741936 0.023655913978494623 0.02795698924731183
39 0.6204301075268818 0.15 0.01935483870967742 0.024731182795698924
39 0.6102150537634409 0.1478494623655914 0.02258064516129032 0.02903225806451613
39 0.6 0.1446236559139785 0.021505376344086023 0.026881720430107527
39 0.5903225806451613 0.1403225806451613 0.01935483870967742 0.02258064516129032
39 0.5790322580645161 0.13709677419354838 0.02258064516129032 0.024731182795698924
39 0.5672043010752689 0.13225806451612904 0.02043010752688172 0.023655913978494623
39 0.556989247311828 0.12795698924731183 0.01935483870967742 0.023655913978494623
39 0.5349462365591398 0.12150537634408602 0.02043010752688172 0.025806451612903226
39 0.5241935483870968 0.11774193548387096 0.02043010752688172 0.024731182795698924
39 0.521505376344086 0.1650537634408602 0.01935483870967742 0.02258064516129032
39 0.5306451612903226 0.1682795698924731 0.02043010752688172 0.024731182795698924
39 0.5408602150537635 0.17311827956989248 0.01935483870967742 0.023655913978494623
39 0.5494623655913978 0.17688172043010753 0.017204301075268817 0.02258064516129032
39 0.5612903225806452 0.17795698924731182 0.023655913978494623 0.02903225806451613
39 0.5731182795698925 0.18494623655913978 0.021505376344086023 0.02795698924731183
39 0.5833333333333334 0.18763440860215053 0.02043010752688172 0.026881720430107527
39 0.6026881720430107 0.19516129032258064 0.02258064516129032 0.02903225806451613
39 0.613978494623656 0.19946236559139785 0.021505376344086023 0.026881720430107527
39 0.6241935483870967 0.2032258064516129 0.02043010752688172 0.025806451612903226
39 0.6338709677419355 0.2075268817204301 0.02258064516129032 0.02795698924731183
39 0.6435483870967742 0.21236559139784947 0.02258064516129032 0.026881720430107527
39 0.656989247311828 0.2161290322580645 0.023655913978494623 0.030107526881720432
39 0.6790322580645162 0.22419354838709676 0.02258064516129032 0.02903225806451613
39 0.5188172043010753 0.2021505376344086 0.02258064516129032 0.02795698924731183
39 0.5301075268817205 0.2053763440860215 0.023655913978494623 0.02795698924731183
39 0.5419354838709678 0.20806451612903226 0.021505376344086023 0.026881720430107527
39 0.5543010752688172 0.2129032258064516 0.02043010752688172 0.025806451612903226
39 0.5661290322580645 0.21666666666666667 0.02043010752688172 0.024731182795698924
39 0.5881720430107527 0.22741935483870968 0.023655913978494623 0.02903225806451613
39 0.6112903225806452 0.23440860215053763 0.02258064516129032 0.02795698924731183
39 0.6220430107526882 0.239247311827957 0.02258064516129032 0.02903225806451613
39 0.6338709677419355 0.2446236559139785 0.024731182795698924 0.03118279569892473
39 0.646236559139785 0.25 0.025806451612903226 0.03118279569892473
39 0.5478494623655914 0.2725806451612903 0.024731182795698924 0.02903225806451613
39 0.5634408602150538 0.2763440860215054 0.02795698924731183 0.034408602150537634
39 0.5763440860215053 0.2817204301075269 0.025806451612903226 0.03225806451612903
39 0.589247311827957 0.2870967741935484 0.023655913978494623 0.030107526881720432
39 0.603763440860215 0.2908602150537634 0.02258064516129032 0.02903225806451613
39 0.632258064516129 0.3032258064516129 0.023655913978494623 0.030107526881720432
39 0.6193548387096774 0.3365591397849462 0.023655913978494623 0.02795698924731183
39 0.603225806451613 0.3295698924731183 0.021505376344086023 0.026881720430107527
39 0.5940860215053764 0.3241935483870968 0.01827956989247312 0.02258064516129032
39 0.5849462365591398 0.31989247311827956 0.021505376344086023 0.026881720430107527
39 0.5731182795698925 0.3161290322580645 0.021505376344086023 0.025806451612903226
39 0.5618279569892473 0.310752688172043 0.02043010752688172 0.023655913978494623
39 0.5510752688172043 0.3096774193548387 0.02258064516129032 0.02795698924731183
39 0.5311827956989247 0.3010752688172043 0.021505376344086023 0.025806451612903226
39 0.5204301075268817 0.2967741935483871 0.01935483870967742 0.023655913978494623
39 0.49838709677419357 0.28978494623655915 0.02043010752688172 0.024731182795698924
39 0.489247311827957 0.2849462365591398 0.01935483870967742 0.023655913978494623
39 0.4768817204301075 0.2817204301075269 0.02258064516129032 0.025806451612903226
39 0.46236559139784944 0.2768817204301075 0.021505376344086023 0.024731182795698924
39 0.43655913978494626 0.3188172043010753 0.023655913978494623 0.02903225806451613
39 0.45698924731182794 0.3247311827956989 0.023655913978494623 0.030107526881720432
39 0.46720430107526884 0.32903225806451614 0.02258064516129032 0.02795698924731183
39 0.478494623655914 0.3338709677419355 0.021505376344086023 0.026881720430107527
39 0.5080645161290323 0.34623655913978496 0.02258064516129032 0.02795698924731183
39 0.5188172043010753 0.35161290322580646 0.02258064516129032 0.02795698924731183
39 0.5311827956989247 0.35698924731182796 0.021505376344086023 0.025806451612903226
39 0.5413978494623656 0.36129032258064514 0.02043010752688172 0.023655913978494623
39 0.5543010752688172 0.36451612903225805 0.02043010752688172 0.025806451612903226
39 0.5661290322580645 0.3688172043010753 0.01827956989247312 0.023655913978494623
39 0.5978494623655914 0.38387096774193546 0.021505376344086023 0.02795698924731183
39 0.5849462365591398 0.410752688172043 0.021505376344086023 0.025806451612903226
39 0.5741935483870968 0.40376344086021504 0.017204301075268817 0.02043010752688172
39 0.5629032258064516 0.4032258064516129 0.02043010752688172 0.025806451612903226
39 0.5521505376344086 0.39838709677419354 0.02258064516129032 0.026881720430107527
39 0.5397849462365591 0.39301075268817204 0.021505376344086023 0.024731182795698924
39 0.5295698924731183 0.3865591397849462 0.01827956989247312 0.02258064516129032
39 0.5188172043010753 0.3817204301075269 0.02043010752688172 0.023655913978494623
39 0.5064516129032258 0.37688172043010754 0.01935483870967742 0.02258064516129032
39 0.49408602150537634 0.3736559139784946 0.02258064516129032 0.026881720430107527
39 0.48333333333333334 0.36935483870967745 0.02043010752688172 0.024731182795698924
39 0.4720430107526882 0.3650537634408602 0.023655913978494623 0.026881720430107527
39 0.46021505376344085 0.3596774193548387 0.021505376344086023 0.024731182795698924
39 0.4483870967741935 0.3548387096774194 0.021505376344086023 0.025806451612903226
39 0.43709677419354837 0.34838709677419355 0.01827956989247312 0.021505376344086023
39 0.4129032258064516 0.34086021505376346 0.01935483870967742 0.023655913978494623
39 0.3655913978494624 0.38333333333333336 0.01935483870967742 0.024731182795698924
39 0.37526881720430105 0.38763440860215054 0.01935483870967742 0.024731182795698924
39 0.3870967741935484 0.3919354838709677 0.01935483870967742 0.024731182795698924
39 0.39731182795698927 0.3946236559139785 0.02043010752688172 0.025806451612903226
39 0.4327956989247312 0.40591397849462363 0.02258064516129032 0.026881720430107527
39 0.41935483870967744 0.40376344086021504 0.01935483870967742 0.02258064516129032
39 0.443010752688172 0.410752688172043 0.021505376344086023 0.025806451612903226
39 0.45645161290322583 0.41559139784946236 0.02043010752688172 0.024731182795698924
39 0.4666666666666667 0.4188172043010753 0.021505376344086023 0.026881720430107527
39 0.4790322580645161 0.4241935483870968 0.01827956989247312 0.02258064516129032
39 0.48978494623655916 0.42849462365591395 0.02043010752688172 0.024731182795698924
39 0.5021505376344086 0.43333333333333335 0.021505376344086023 0.025806451612903226
39 0.5129032258064516 0.43709677419354837 0.021505376344086023 0.024731182795698924
39 0.524731182795699 0.4397849462365591 0.021505376344086023 0.025806451612903226
39 0.5360215053763441 0.4446236559139785 0.02043010752688172 0.024731182795698924
39 0.5478494623655914 0.4478494623655914 0.02043010752688172 0.024731182795698924
39 0.5564516129032258 0.4543010752688172 0.01827956989247312 0.02258064516129032
39 0.5672043010752689 0.45698924731182794 0.02043010752688172 0.025806451612903226
39 0.5494623655913978 0.4908602150537634 0.030107526881720432 0.03763440860215054
39 0.5258064516129032 0.4747311827956989 0.021505376344086023 0.026881720430107527
39 0.5145161290322581 0.4698924731182796 0.02043010752688172 0.025806451612903226
39 0.5048387096774194 0.4661290322580645 0.02043010752688172 0.024731182795698924
39 0.4946236559139785 0.460752688172043 0.01935483870967742 0.02258064516129032
39 0.48440860215053766 0.4575268817204301 0.02043010752688172 0.024731182795698924
39 0.4747311827956989 0.45483870967741935 0.01827956989247312 0.023655913978494623
39 0.4639784946236559 0.45268817204301076 0.02258064516129032 0.02795698924731183
39 0.45268817204301076 0.4489247311827957 0.021505376344086023 0.026881720430107527
39 0.4413978494623656 0.44408602150537635 0.02043010752688172 0.025806451612903226
39 0.42311827956989245 0.4381720430107527 0.02258064516129032 0.026881720430107527
39 0.4021505376344086 0.43010752688172044 0.021505376344086023 0.025806451612903226
39 0.41236559139784945 0.43333333333333335 0.02043010752688172 0.025806451612903226
39 0.3913978494623656 0.4258064516129032 0.01935483870967742 0.023655913978494623
39 0.3725806451612903 0.4172043010752688 0.01827956989247312 0.021505376344086023
39 0.36236559139784946 0.41559139784946236 0.01935483870967742 0.024731182795698924
39 0.3241935483870968 0.44408602150537635 0.016129032258064516 0.021505376344086023
39 0.3311827956989247 0.45 0.021505376344086023 0.026881720430107527
39 0.34086021505376346 0.4543010752688172 0.01935483870967742 0.024731182795698924
39 0.3602150537634409 0.4612903225806452 0.01935483870967742 0.023655913978494623
39 0.3720430107526882 0.4645161290322581 0.017204301075268817 0.023655913978494623
39 0.3919354838709677 0.47258064516129034 0.016129032258064516 0.02258064516129032
39 0.4236559139784946 0.4817204301075269 0.021505376344086023 0.025806451612903226
39 0.43548387096774194 0.48655913978494625 0.01935483870967742 0.024731182795698924
39 0.44516129032258067 0.48870967741935484 0.01935483870967742 0.02258064516129032
39 0.45483870967741935 0.4924731182795699 0.017204301075268817 0.021505376344086023
39 0.4666666666666667 0.4956989247311828 0.017204301075268817 0.021505376344086023
39 0.4747311827956989 0.49946236559139784 0.016129032258064516 0.02043010752688172
39 0.48440860215053766 0.5032258064516129 0.01827956989247312 0.021505376344086023
39 0.49032258064516127 0.5204301075268817 0.023655913978494623 0.030107526881720432
39 0.4747311827956989 0.5279569892473118 0.02043010752688172 0.023655913978494623
39 0.46344086021505376 0.5252688172043011 0.01935483870967742 0.02258064516129032
39 0.4532258064516129 0.5209677419354839 0.01827956989247312 0.02258064516129032
39 0.44193548387096776 0.5177419354838709 0.021505376344086023 0.024731182795698924
39 0.4295698924731183 0.513978494623656 0.02043010752688172 0.023655913978494623
39 0.4198924731182796 0.5091397849462366 0.01827956989247312 0.02258064516129032
39 0.410752688172043 0.5064516129032258 0.01935483870967742 0.023655913978494623
39 0.4 0.5048387096774194 0.021505376344086023 0.026881720430107527
39 0.38924731182795697 0.5 0.021505376344086023 0.025806451612903226
39 0.37849462365591396 0.4967741935483871 0.01935483870967742 0.023655913978494623
39 0.36989247311827955 0.4924731182795699 0.01935483870967742 0.023655913978494623
39 0.3580645161290323 0.48978494623655916 0.021505376344086023 0.024731182795698924
39 0.3467741935483871 0.4870967741935484 0.02043010752688172 0.023655913978494623
39 0.33602150537634407 0.48333333333333334 0.01827956989247312 0.02258064516129032
39 0.2946236559139785 0.5155913978494624 0.01935483870967742 0.02258064516129032
39 0.3053763440860215 0.5193548387096775 0.017204301075268817 0.021505376344086023
39 0.3150537634408602 0.5231182795698924 0.015053763440860216 0.01827956989247312
39 0.3263440860215054 0.5241935483870968 0.02043010752688172 0.024731182795698924
39 0.34623655913978496 0.532258064516129 0.01935483870967742 0.023655913978494623
39 0.3586021505376344 0.5365591397849462 0.01827956989247312 0.021505376344086023
39 0.3704301075268817 0.5381720430107527 0.02258064516129032 0.026881720430107527
39 0.38010752688172045 0.5435483870967742 0.02043010752688172 0.024731182795698924
39 0.3897849462365591 0.5489247311827957 0.01827956989247312 0.02258064516129032
39 0.40161290322580645 0.5510752688172043 0.02043010752688172 0.024731182795698924
39 0.4129032258064516 0.553763440860215 0.01935483870967742 0.023655913978494623
39 0.43655913978494626 0.5612903225806452 0.021505376344086023 0.025806451612903226
39 0.44516129032258067 0.5650537634408602 0.01935483870967742 0.024731182795698924
39 0.4698924731182796 0.5672043010752689 0.025806451612903226 0.03333333333333333
39 0.5026881720430108 0.5790322580645161 0.02903225806451613 0.035483870967741936
39 0.48870967741935484 0.610752688172043 0.02043010752688172 0.023655913978494623
39 0.41397849462365593 0.5887096774193549 0.02795698924731183 0.03333333333333333
39 0.3989247311827957 0.5838709677419355 0.025806451612903226 0.03225806451612903
39 0.3741935483870968 0.5779569892473119 0.02795698924731183 0.035483870967741936
39 0.3618279569892473 0.5709677419354838 0.02043010752688172 0.025806451612903226
39 0.3279569892473118 0.5580645161290323 0.021505376344086023 0.025806451612903226
3 0.5629032258064516 0.03978494623655914 0.024731182795698924 0.030107526881720432
3 0.6801075268817204 0.1381720430107527 0.02043010752688172 0.024731182795698924
3 0.5306451612903226 0.08709677419354839 0.02258064516129032 0.025806451612903226
3 0.5456989247311828 0.12580645161290321 0.02043010752688172 0.023655913978494623
3 0.5935483870967742 0.19032258064516128 0.023655913978494623 0.02795698924731183
3 0.5774193548387097 0.221505376344086 0.025806451612903226 0.02795698924731183
3 0.5994623655913979 0.23118279569892472 0.02258064516129032 0.025806451612903226
3 0.5102150537634409 0.2924731182795699 0.02258064516129032 0.025806451612903226
3 0.5758064516129032 0.3736559139784946 0.02043010752688172 0.02258064516129032
3 0.5860215053763441 0.3790322580645161 0.01935483870967742 0.02258064516129032
3 0.489247311827957 0.339247311827957 0.023655913978494623 0.02903225806451613
3 0.4252688172043011 0.3139784946236559 0.02258064516129032 0.02795698924731183
3 0.4241935483870968 0.3456989247311828 0.024731182795698924 0.02903225806451613
3 0.5370967741935484 0.47956989247311826 0.02043010752688172 0.023655913978494623
3 0.4010752688172043 0.47580645161290325 0.01935483870967742 0.02258064516129032
3 0.3258064516129032 0.47956989247311826 0.021505376344086023 0.025806451612903226
3 0.4258064516129032 0.5553763440860215 0.021505376344086023 0.024731182795698924
3 0.4559139784946237 0.567741935483871 0.01935483870967742 0.023655913978494623
3 0.29838709677419356 0.5543010752688172 0.026881720430107527 0.03118279569892473
3 0.2801075268817204 0.5553763440860215 0.02903225806451613 0.03333333333333333
39 0.3650537634408602 0.6440860215053763 0.02043010752688172 0.023655913978494623
3 0.3053763440860215 0.621505376344086 0.01935483870967742 0.023655913978494623
39 0.32526881720430106 0.6263440860215054 0.02043010752688172 0.024731182795698924
3 0.29516129032258065 0.6161290322580645 0.024731182795698924 0.030107526881720432
3 0.2833333333333333 0.6123655913978494 0.02043010752688172 0.024731182795698924
3 0.27204301075268816 0.6091397849462366 0.01935483870967742 0.02258064516129032
3 0.260752688172043 0.6064516129032258 0.01827956989247312 0.021505376344086023
