14 0.2504945824147379 0.6207166271224773 0.04946236559139785 0.021505376344086023 0.041940427014273945
49 0.3624826527990346 0.6814841544423945 0.025806451612903226 0.02795698924731183 0.041940427014273945
49 0.40212103522463055 0.6644627010167992 0.03870967741935484 0.043010752688172046 0.041940427014273945
49 0.35678929678237764 0.5794047235736701 0.025806451612903226 0.025806451612903226 0.041940427014273945
49 0.44655083533362827 0.5124334754795807 0.00967741935483871 0.035483870967741936 0.041940427014273945
49 0.42159194661109495 0.5311827948968106 0.010752688172043012 0.035483870967741936 0.041940427014273945
5 0.6057533495129673 0.5325594758432458 0.06236559139784946 0.12473118279569892 0.041940427014273945
5 0.6380158642420632 0.5032485787502028 0.07096774193548387 0.14193548387096774 0.041940427014273945
49 0.627043353361582 0.530861595590854 0.05806451612903226 0.13333333333333333 0.041940427014273945
49 0.634014816524953 0.4813498263356816 0.08172043010752689 0.1827956989247312 0.041940427014273945
12 0.5808164822844278 0.2218435360204449 0.010752688172043012 0.025806451612903226 0.041940427014273945
34 0.5939899153547111 0.17470615286131488 0.04946236559139785 0.13978494623655913 0.041940427014273945
34 0.6665479395032103 0.2413993303505623 0.04946236559139785 0.14193548387096774 0.041940427014273945
30 0.306565491783399 0.3133884481580171 0.12903225806451613 0.043010752688172046 0.041940427014273945
29 0.26572922659782694 0.2111746354060029 0.02795698924731183 0.053763440860215055 0.041940427014273945
14 0.29197932492440976 0.11420944073288071 0.043010752688172046 0.14838709677419354 0.041940427014273945
49 0.3007525125511047 0.019248088972581918 0.03870967741935484 0.021505376344086023 0.041940427014273945
