14 0.9163242125152884 0.6616895453257987 0.03763440860215054 0.034408602150537634
14 0.9819387403467861 0.6017790247765212 0.035483870967741936 0.025806451612903226
14 0.8194633308074261 0.6555752559430313 0.1032258064516129 0.030107526881720432
14 0.9101669441990992 0.6559929732914833 0.1086021505376344 0.030107526881720432
29 0.8400750779541651 0.5757664054684727 0.043010752688172046 0.017204301075268817
29 0.8678752812247211 0.6955152746387108 0.043010752688172046 0.021505376344086023
12 0.8534725992650637 0.6093018286160211 0.06451612903225806 0.030107526881720432
3 0.07931977930343083 0.6233292543801696 0.012903225806451613 0.01935483870967742
3 0.098256692153226 0.5930141324485673 0.010752688172043012 0.015053763440860216
3 0.0412457983437569 0.6389877188734806 0.010752688172043012 0.01935483870967742
3 0.04458319908520664 0.5635697688338006 0.017204301075268817 0.010752688172043012
3 0.07522420204828933 0.6605622303902013 0.017204301075268817 0.010752688172043012
30 0.27666225164008373 0.6125342562412053 0.07956989247311828 0.021505376344086023
30 0.345785261563987 0.608037545740604 0.07741935483870968 0.034408602150537634
30 0.2978144503535468 0.5450450440392817 0.07956989247311828 0.03225806451612903
30 0.32606196278876015 0.49950261907856947 0.1010752688172043 0.04086021505376344
3 0.06027851676298325 0.5108057820147904 0.10215053763440861 0.023655913978494623
