5 0.6335951466505 0.4156410022198087 0.046236559139784944 0.12150537634408602 0.053805214604602455
5 0.4297027042486158 0.7035019510792067 0.08817204301075268 0.14193548387096774 0.053805214604602455
14 0.22733435746218938 0.6736202754828313 0.06236559139784946 0.11397849462365592 0.053805214604602455
5 0.20326722608243544 0.5653887364775478 0.07311827956989247 0.10967741935483871 0.053805214604602455
29 0.3308544320743953 0.46922770504581124 0.025806451612903226 0.04086021505376344 0.053805214604602455
14 0.30251794135945903 0.540963594430105 0.06881720430107527 0.1053763440860215 0.053805214604602455
29 0.3705779718394255 0.38254746153237096 0.021505376344086023 0.047311827956989246 0.053805214604602455
14 0.31614593340614716 0.2973294272112753 0.05806451612903226 0.1010752688172043 0.053805214604602455
14 0.47277404087437525 0.2924058300888118 0.06451612903225806 0.14623655913978495 0.053805214604602455
14 0.5399083527794717 0.23359505890458207 0.06881720430107527 0.13333333333333333 0.053805214604602455
