34 0.9849462365591398 0.27419354838709675 0.030107526881720432 0.07956989247311828
12 0.9935483870967742 0.4096774193548387 0.012903225806451613 0.034408602150537634
12 0.9887096774193549 0.39838709677419354 0.02258064516129032 0.04408602150537634
14 0.9919354838709677 0.5790322580645161 0.016129032258064516 0.04838709677419355
49 0.9801075268817204 0.5623655913978495 0.03978494623655914 0.09032258064516129
31 0.5924731182795699 0.9403225806451613 0.05806451612903226 0.11935483870967742
31 0.5580645161290323 0.9387096774193548 0.05806451612903226 0.12043010752688173
12 0.9806451612903225 0.3935483870967742 0.02795698924731183 0.047311827956989246
31 0.610752688172043 0.7806451612903226 0.08172043010752689 0.18064516129032257
12 0.9709677419354839 0.3881720430107527 0.030107526881720432 0.047311827956989246
12 0.9612903225806452 0.3849462365591398 0.03225806451612903 0.05161290322580645
12 0.9516129032258065 0.3795698924731183 0.03225806451612903 0.05161290322580645
12 0.9408602150537635 0.37311827956989246 0.03225806451612903 0.05161290322580645
14 0.9698924731182795 0.5494623655913978 0.04946236559139785 0.07526881720430108
49 0.953763440860215 0.535483870967742 0.06451612903225806 0.10752688172043011
14 0.9344086021505377 0.5268817204301075 0.053763440860215055 0.08172043010752689
34 0.9139784946236559 0.5172043010752688 0.07311827956989247 0.12473118279569892
34 0.9 0.48494623655913977 0.10752688172043011 0.1870967741935484
30 0.5752688172043011 0.5666666666666667 0.11827956989247312 0.07741935483870968
30 0.5387096774193548 0.5172043010752688 0.13333333333333333 0.0967741935483871
30 0.4881720430107527 0.45268817204301076 0.12903225806451613 0.0989247311827957
30 0.4075268817204301 0.3817204301075269 0.14838709677419354 0.08602150537634409
30 0.5182795698924731 0.36129032258064514 0.16774193548387098 0.08602150537634409
