3 0.4510752688172043 0.9962365591397849 0.011827956989247311 0.007526881720430108
3 0.4397849462365591 0.9897849462365591 0.012903225806451613 0.02043010752688172
3 0.46236559139784944 0.9741935483870968 0.02795698924731183 0.025806451612903226
12 0.4559139784946237 0.9053763440860215 0.02795698924731183 0.07526881720430108
4 0.43655913978494626 0.9021505376344086 0.02795698924731183 0.08602150537634409
12 0.41935483870967744 0.8989247311827957 0.021505376344086023 0.06881720430107527
5 0.4053763440860215 0.8924731182795699 0.017204301075268817 0.060215053763440864
4 0.4698924731182796 0.7978494623655914 0.03225806451612903 0.07956989247311828
31 0.44731182795698926 0.7956989247311828 0.03225806451612903 0.07741935483870968
12 0.42795698924731185 0.7720430107526882 0.03870967741935484 0.12043010752688173
3 0.5709677419354838 0.7752688172043011 0.03870967741935484 0.02795698924731183
3 0.5827956989247312 0.7623655913978494 0.043010752688172046 0.02795698924731183
3 0.5860215053763441 0.6774193548387096 0.021505376344086023 0.012903225806451613
3 0.5731182795698925 0.6838709677419355 0.01935483870967742 0.012903225806451613
3 0.7473118279569892 0.5021505376344086 0.012903225806451613 0.02795698924731183
3 0.5817204301075268 0.5376344086021505 0.04946236559139785 0.030107526881720432
5 0.6333333333333333 0.18387096774193548 0.08172043010752689 0.01935483870967742
30 0.489247311827957 0.4172043010752688 0.034408602150537634 0.14408602150537633
30 0.5225806451612903 0.3086021505376344 0.07741935483870968 0.17419354838709677
31 0.4768817204301075 0.014516129032258065 0.05268817204301075 0.026881720430107527
31 0.478494623655914 0.13440860215053763 0.04516129032258064 0.210752688172043
31 0.43655913978494626 0.14731182795698924 0.04086021505376344 0.18924731182795698
