30 0.18681703414422535 0.9200401538813074 0.03763440860215054 0.03870967741935484
30 0.17575652684233156 0.9656522330155869 0.06129032258064516 0.06236559139784946
30 0.2283919984267808 0.9689564732397578 0.060215053763440864 0.054838709677419356
5 0.2515863732995437 0.8779629081658423 0.025806451612903226 0.060215053763440864
30 0.20286873788283313 0.818885446412987 0.060215053763440864 0.15698924731182795
31 0.0332315688533167 0.4844787960998772 0.023655913978494623 0.07419354838709677
31 0.04043749655237382 0.4599483483435587 0.07849462365591398 0.16451612903225807
30 0.09840558939165381 0.6487117897298592 0.12473118279569892 0.18924731182795698
5 0.572389688594352 0.02474439057217444 0.023655913978494623 0.03655913978494624
5 0.7315176739544023 0.05320027102022018 0.02795698924731183 0.030107526881720432
5 0.7034986674228614 0.06533772989232739 0.034408602150537634 0.03655913978494624
5 0.6665067912117077 0.050762694812496935 0.01935483870967742 0.03870967741935484
