49 0.6379317039654502 0.9915728973994408 0.030107526881720432 0.016129032258064516
49 0.7059618034555654 0.9772921512703184 0.03655913978494624 0.034408602150537634
29 0.6844325497300661 0.9553306708022629 0.035483870967741936 0.034408602150537634
49 0.6485271253776161 0.960707796833789 0.026881720430107527 0.035483870967741936
49 0.7235660975300403 0.9753914966660315 0.03870967741935484 0.04516129032258064
49 0.7500523079970758 0.9607855665701686 0.06236559139784946 0.07419354838709677
49 0.818757026840046 0.9465052386788814 0.06559139784946237 0.08602150537634409
49 0.7337680367650062 0.9333515511985738 0.08924731182795699 0.05053763440860215
49 0.6318808365395014 0.8945543978411898 0.06989247311827956 0.09032258064516129
49 0.7127350553098942 0.8602013586714065 0.06989247311827956 0.08924731182795699
49 0.6368045727472884 0.8560077148226801 0.05591397849462366 0.06774193548387097
49 0.6358094335404961 0.7940912960005232 0.06236559139784946 0.08064516129032258
49 0.663576368062035 0.784321781934218 0.053763440860215055 0.08172043010752689
49 0.6710102006526377 0.7765932828407757 0.05806451612903226 0.08172043010752689
49 0.5822207543537192 0.7003593071774602 0.05268817204301075 0.07741935483870968
49 0.70398195249476 0.7041436467885289 0.04838709677419355 0.06881720430107527
49 0.5348968606409931 0.7056589119177334 0.1956989247311828 0.08387096774193549
49 0.5913383015644545 0.6993988842778698 0.15806451612903225 0.06774193548387097
49 0.49123932053175356 0.6301751820045308 0.15591397849462366 0.06881720430107527
49 0.500883065966675 0.6025492869215031 0.15483870967741936 0.07311827956989247
49 0.4971329688306032 0.531696192180012 0.08817204301075268 0.13333333333333333
5 0.5280793236211848 0.4010747891555955 0.06774193548387097 0.04408602150537634
29 0.5006496203435031 0.3525934264188433 0.08709677419354839 0.053763440860215055
49 0.5915252838620774 0.3807489304543481 0.054838709677419356 0.06989247311827956
49 0.6643613177909278 0.40829467638580713 0.047311827956989246 0.06129032258064516
49 0.6121326068065918 0.30676646489538817 0.053763440860215055 0.06881720430107527
49 0.6009773989498222 0.3054884708196884 0.05268817204301075 0.06774193548387097
49 0.5288164501126497 0.2949558183916349 0.07956989247311828 0.04516129032258064
49 0.49101930051512765 0.3188662170930966 0.06989247311827956 0.03978494623655914
49 0.45646433916010093 0.34379307789978253 0.07311827956989247 0.04086021505376344
29 0.412419793195839 0.5412981690808366 0.06236559139784946 0.06989247311827956
29 0.41364494472500596 0.22503054458329863 0.04408602150537634 0.06774193548387097
49 0.42483037885096236 0.2766313689320515 0.04946236559139785 0.07419354838709677
49 0.4919554555513523 0.2824963561377163 0.04408602150537634 0.06666666666666667
29 0.44132334027794684 0.2361370752445059 0.06774193548387097 0.043010752688172046
49 0.44972612823498004 0.2509009715092113 0.07419354838709677 0.046236559139784944
49 0.46268123792890836 0.2090625568223039 0.07311827956989247 0.04516129032258064
49 0.6943291485044182 0.16428897866739198 0.07419354838709677 0.04408602150537634
49 0.6942466238833173 0.1347854062472992 0.07096774193548387 0.043010752688172046
5 0.03959554893625785 0.9380410156396387 0.06989247311827956 0.06774193548387097
5 0.08476517693301441 0.9198913583273844 0.1043010752688172 0.12365591397849462
