49 0.9927606684183298 0.17682608017794418 0.013978494623655914 0.03978494623655914
30 0.9572854516916904 0.21189821071858056 0.05053763440860215 0.14516129032258066
30 0.851632015555069 0.11697947207738112 0.08064516129032258 0.15483870967741936
30 0.9465949622161716 0.229813955695137 0.09462365591397849 0.17634408602150536
49 0.883253583416397 0.22418119106923134 0.16129032258064516 0.27741935483870966
49 0.8541631987486666 0.30077018440415376 0.08387096774193549 0.15053763440860216
49 0.8069723439419888 0.23313829593214444 0.06451612903225806 0.15053763440860216
49 0.878143216450657 0.1844314900318021 0.060215053763440864 0.15053763440860216
49 0.7728648646911743 0.21216265192529032 0.09247311827956989 0.15268817204301074
49 0.7067256054808873 0.19790111712573846 0.11827956989247312 0.2086021505376344
49 0.7289836794543786 0.15885428934309961 0.08172043010752689 0.12903225806451613
29 0.8184022462879026 0.34808089944518555 0.04516129032258064 0.05591397849462366
3 0.6673978334808734 0.2513633067941128 0.02795698924731183 0.03225806451612903
29 0.6572234423874903 0.27908402067150906 0.043010752688172046 0.053763440860215055
49 0.6171875043833124 0.30617157421659025 0.06236559139784946 0.09247311827956989
29 0.621500884832202 0.18980442600606895 0.030107526881720432 0.04946236559139785
49 0.607248804954519 0.14561092947099605 0.09462365591397849 0.15483870967741936
31 0.5969437641663575 0.1694852907183697 0.13978494623655913 0.23870967741935484
49 0.6121645824140982 0.29929743312158746 0.047311827956989246 0.1032258064516129
49 0.4871689786438804 0.297545932749631 0.15483870967741936 0.18494623655913978
49 0.4494153461286474 0.35156030056843396 0.13763440860215054 0.16559139784946236
49 0.42061482796197525 0.33106427610430333 0.11182795698924732 0.13118279569892474
49 0.42959182374391025 0.3123947643855969 0.12688172043010754 0.15268817204301074
49 0.3076294600102797 0.2967871453478983 0.12688172043010754 0.15268817204301074
29 0.337838175019293 0.3547649331204113 0.08172043010752689 0.05591397849462366
5 0.31892482430916536 0.42002963856662484 0.11182795698924732 0.13763440860215054
29 0.28620427718650615 0.26548922956692983 0.053763440860215055 0.05591397849462366
49 0.26389239534892195 0.3408371766491084 0.16559139784946236 0.21935483870967742
31 0.08922463220461632 0.34435002939479975 0.12473118279569892 0.2172043010752688
