29 0.8052758064321331 0.11404426069928156 0.035483870967741936 0.023655913978494623 0.0912128364396429
29 0.873331036997065 0.06176509164518025 0.04516129032258064 0.02795698924731183 0.0912128364396429
3 0.7937898001555699 0.15034871976403957 0.02795698924731183 0.02043010752688172 0.0912128364396429
29 0.6056468523074714 0.275641402357151 0.04838709677419355 0.03333333333333333 0.0912128364396429
29 0.7670994590504795 0.1160598068634078 0.09247311827956989 0.05806451612903226 0.0912128364396429
49 0.8045050874221135 0.07611736392964748 0.021505376344086023 0.007526881720430108 0.0912128364396429
49 0.8471399473158705 0.12239449590182082 0.02903225806451613 0.017204301075268817 0.0912128364396429
49 0.8092470543586067 0.05580370290894232 0.02903225806451613 0.023655913978494623 0.0912128364396429
49 0.7214144041686936 0.014970965570128697 0.03763440860215054 0.030107526881720432 0.0912128364396429
29 0.7091166661386762 0.12337617101091637 0.04408602150537634 0.034408602150537634 0.0912128364396429
49 0.6436166356390775 0.04717113374557186 0.046236559139784944 0.046236559139784944 0.0912128364396429
49 0.6981003868855334 0.03197242559047837 0.054838709677419356 0.053763440860215055 0.0912128364396429
49 0.5944718432176744 0.07283840045739809 0.053763440860215055 0.06236559139784946 0.0912128364396429
29 0.6313235568751051 0.1499125224974414 0.0913978494623656 0.05698924731182796 0.0912128364396429
29 0.685099727079575 0.08799432025947732 0.053763440860215055 0.03870967741935484 0.0912128364396429
29 0.5820966143469823 0.1348722378652458 0.08387096774193549 0.05591397849462366 0.0912128364396429
29 0.5593568044553338 0.05418023618618906 0.046236559139784944 0.06344086021505377 0.0912128364396429
14 0.5098928486705808 0.1388783044318838 0.05268817204301075 0.07634408602150537 0.0912128364396429
31 0.3450302181453429 0.5017503611561603 0.34623655913978496 0.578494623655914 0.0912128364396429
49 0.05688677783266761 0.022997884022645 0.09462365591397849 0.07741935483870968 0.0912128364396429
49 0.10636464081984365 0.08665868786686196 0.11612903225806452 0.13010752688172042 0.0912128364396429
49 0.23584235542420628 0.07408096526495818 0.20967741935483872 0.06451612903225806 0.0912128364396429
