49 0.3669103142914403 0.9091341390465033 0.04408602150537634 0.013978494623655914 0.05882236971483644
49 0.4233441402024295 0.9057721570410261 0.023655913978494623 0.030107526881720432 0.05882236971483644
3 0.4522595438853508 0.8761397852170028 0.03118279569892473 0.011827956989247311 0.05882236971483644
49 0.5112158731148156 0.8610900400255943 0.030107526881720432 0.00967741935483871 0.05882236971483644
49 0.5447941971645732 0.9369374077853809 0.03118279569892473 0.00967741935483871 0.05882236971483644
5 0.42257579483735924 0.7412954960496015 0.011827956989247311 0.030107526881720432 0.05882236971483644
49 0.5252725474795586 0.8103049526961802 0.013978494623655914 0.02258064516129032 0.05882236971483644
49 0.41578387986040766 0.846929891484957 0.017204301075268817 0.03118279569892473 0.05882236971483644
5 0.5280290142707544 0.7275029045313515 0.03655913978494624 0.054838709677419356 0.05882236971483644
29 0.5135587928046377 0.7969843103073155 0.02795698924731183 0.04946236559139785 0.05882236971483644
49 0.4670646489733244 0.7380259984642757 0.04838709677419355 0.08709677419354839 0.05882236971483644
29 0.41983773640958433 0.786769861369844 0.06344086021505377 0.13333333333333333 0.05882236971483644
29 0.33337338196293503 0.804338817173641 0.05053763440860215 0.08279569892473118 0.05882236971483644
25 0.315185615005027 0.8426402868705426 0.02258064516129032 0.035483870967741936 0.05882236971483644
