25 0.6005376344086022 0.13548387096774195 0.08064516129032258 0.025806451612903226
3 0.3365591397849462 0.13655913978494624 0.02795698924731183 0.008602150537634409
3 0.3827956989247312 0.10752688172043011 0.025806451612903226 0.008602150537634409
3 0.5397849462365591 0.08279569892473118 0.043010752688172046 0.060215053763440864
3 0.49838709677419357 0.07204301075268817 0.04408602150537634 0.06451612903225806
3 0.4650537634408602 0.05806451612903226 0.05268817204301075 0.08387096774193549
3 0.4220430107526882 0.05806451612903226 0.04408602150537634 0.06666666666666667
3 0.38870967741935486 0.06397849462365592 0.04408602150537634 0.06559139784946237
3 0.3424731182795699 0.06451612903225806 0.02903225806451613 0.047311827956989246
3 0.3365591397849462 0.10376344086021505 0.047311827956989246 0.01827956989247312
3 0.2629032258064516 0.09462365591397849 0.04408602150537634 0.015053763440860216
3 0.06774193548387097 0.07258064516129033 0.034408602150537634 0.011827956989247311
3 0.1403225806451613 0.08172043010752689 0.046236559139784944 0.017204301075268817
3 0.17419354838709677 0.05268817204301075 0.03225806451612903 0.03870967741935484
3 0.14677419354838708 0.05053763440860215 0.02043010752688172 0.03225806451612903
