14 0.02956989247311828 0.8731182795698925 0.05698924731182796 0.025806451612903226
12 0.13548387096774195 0.9021505376344086 0.06881720430107527 0.07526881720430108
49 0.0967741935483871 0.8833333333333333 0.11182795698924732 0.02258064516129032
12 0.05860215053763441 0.7731182795698924 0.11505376344086021 0.043010752688172046
12 0.16075268817204302 0.8209677419354838 0.10215053763440861 0.05698924731182796
14 0.17849462365591398 0.8059139784946237 0.1010752688172043 0.06989247311827956
3 0.03978494623655914 0.7188172043010753 0.043010752688172046 0.013978494623655914
34 0.12204301075268817 0.7521505376344086 0.24193548387096775 0.06989247311827956
34 0.12311827956989248 0.6725806451612903 0.24408602150537634 0.035483870967741936
34 0.10376344086021505 0.6381720430107527 0.2053763440860215 0.03333333333333333
14 0.21236559139784947 0.5306451612903226 0.07204301075268817 0.03333333333333333
5 0.17903225806451614 0.4801075268817204 0.2075268817204301 0.10215053763440861
5 0.2010752688172043 0.3951612903225806 0.11182795698924732 0.03763440860215054
5 0.18064516129032257 0.3688172043010753 0.15053763440860216 0.04086021505376344
5 0.17096774193548386 0.08978494623655914 0.0967741935483871 0.016129032258064516
3 0.7661290322580645 0.043548387096774194 0.041935483870967745 0.026881720430107527
5 0.6575268817204301 0.06612903225806452 0.04408602150537634 0.02043010752688172
3 0.6758064516129032 0.054838709677419356 0.046236559139784944 0.023655913978494623
5 0.7994623655913978 0.27419354838709675 0.02903225806451613 0.08172043010752689
