34 0.98450572531799 0.5964822065879037 0.024731182795698924 0.03333333333333333 0.05603682314367431
34 0.9741015339228557 0.6956562055610758 0.024731182795698924 0.024731182795698924 0.05603682314367431
34 0.9602610227565042 0.6521990625319378 0.01935483870967742 0.023655913978494623 0.05603682314367431
14 0.9576573835914708 0.8700409166062393 0.0978494623655914 0.01935483870967742 0.05603682314367431
29 0.8763222465448945 0.6780721478176297 0.11397849462365592 0.0989247311827957 0.05603682314367431
49 0.875654433239097 0.262562975107622 0.04086021505376344 0.07311827956989247 0.05603682314367431
30 0.9006687384544272 0.23485599686097214 0.08817204301075268 0.16989247311827957 0.05603682314367431
30 0.8526677750689386 0.1925654361293963 0.06236559139784946 0.13548387096774195 0.05603682314367431
30 0.811018641262569 0.18980885601126338 0.08387096774193549 0.1827956989247312 0.05603682314367431
30 0.7302691443852874 0.2275183813518805 0.09032258064516129 0.18064516129032257 0.05603682314367431
29 0.7009389081301027 0.32380394395525125 0.03655913978494624 0.06881720430107527 0.05603682314367431
29 0.6961209863895965 0.26606239208838844 0.02795698924731183 0.06451612903225806 0.05603682314367431
5 0.6142273184730941 0.23263905754323075 0.034408602150537634 0.053763440860215055 0.05603682314367431
5 0.6492099918739722 0.23052826884942773 0.06236559139784946 0.13763440860215054 0.05603682314367431
12 0.5448988736531967 0.10734685269407286 0.030107526881720432 0.07096774193548387 0.05603682314367431
5 0.45655206384221103 0.1198868037645281 0.07311827956989247 0.16774193548387098 0.05603682314367431
5 0.47867692338548784 0.19919805216946773 0.02795698924731183 0.07526881720430108 0.05603682314367431
5 0.4642291291152134 0.17608739805133142 0.04516129032258064 0.06881720430107527 0.05603682314367431
29 0.4488400392334722 0.16163669396727945 0.034408602150537634 0.05161290322580645 0.05603682314367431
14 0.35242873350224263 0.13541349301082267 0.1010752688172043 0.02795698924731183 0.05603682314367431
14 0.3915323373213806 0.11291639773832596 0.03870967741935484 0.0989247311827957 0.05603682314367431
49 0.27272794548600443 0.18100737470648828 0.06451612903225806 0.22795698924731184 0.05603682314367431
12 0.18110201558865263 0.10048626080923022 0.03655913978494624 0.09032258064516129 0.05603682314367431
12 0.15786830583981648 0.15427069111613972 0.02795698924731183 0.07311827956989247 0.05603682314367431
12 0.1126944516218599 0.13523042305476082 0.043010752688172046 0.1032258064516129 0.05603682314367431
30 0.10834432378892489 0.1757331791118875 0.05806451612903226 0.1053763440860215 0.05603682314367431
14 0.07316585405425943 0.18091439499687356 0.043010752688172046 0.06559139784946237 0.05603682314367431
14 0.05214946808871204 0.14846611618350045 0.03978494623655914 0.0935483870967742 0.05603682314367431
