5 0.8163591001609367 0.648374400232503 0.02043010752688172 0.025806451612903226 0.03548064784404478
3 0.84993620373525 0.5847608334835567 0.03333333333333333 0.011827956989247311 0.03548064784404478
3 0.8549927256906719 0.5833000089242227 0.026881720430107527 0.00967741935483871 0.03548064784404478
3 0.802795591736037 0.5887655771967721 0.01935483870967742 0.024731182795698924 0.03548064784404478
3 0.7777353247920471 0.4689598221781047 0.016129032258064516 0.02043010752688172 0.03548064784404478
3 0.8098728928362873 0.47848308462587985 0.03225806451612903 0.023655913978494623 0.03548064784404478
3 0.7694646228148783 0.4360791257396714 0.02258064516129032 0.02795698924731183 0.03548064784404478
3 0.7788515485599067 0.4169160154763818 0.01827956989247312 0.024731182795698924 0.03548064784404478
3 0.7343813204270156 0.41541738518733645 0.03870967741935484 0.013978494623655914 0.03548064784404478
3 0.8017909338078033 0.32471313559447856 0.03763440860215054 0.010752688172043012 0.03548064784404478
5 0.728903598726424 0.05611619126942308 0.01935483870967742 0.024731182795698924 0.03548064784404478
