25 0.656989247311828 0.1978494623655914 0.10967741935483871 0.07741935483870968
25 0.717741935483871 0.21344086021505376 0.15161290322580645 0.10215053763440861
25 0.7295698924731183 0.2591397849462366 0.13655913978494624 0.09247311827956989
25 0.7602150537634409 0.28655913978494624 0.13978494623655913 0.0935483870967742
25 0.8026881720430108 0.3161290322580645 0.16021505376344086 0.10752688172043011
25 0.8494623655913979 0.3543010752688172 0.1827956989247312 0.12365591397849462
3 0.4397849462365591 0.06290322580645161 0.010752688172043012 0.00967741935483871
3 0.4435483870967742 0.06720430107526881 0.00967741935483871 0.00967741935483871
3 0.4161290322580645 0.04139784946236559 0.008602150537634409 0.011827956989247311
3 0.4010752688172043 0.01989247311827957 0.010752688172043012 0.00967741935483871
3 0.40698924731182795 0.02258064516129032 0.011827956989247311 0.010752688172043012
3 0.41236559139784945 0.024731182795698924 0.011827956989247311 0.010752688172043012
3 0.4268817204301075 0.03064516129032258 0.017204301075268817 0.013978494623655914
3 0.43172043010752686 0.03387096774193549 0.016129032258064516 0.011827956989247311
3 0.4344086021505376 0.03978494623655914 0.012903225806451613 0.010752688172043012
3 0.43870967741935485 0.043010752688172046 0.012903225806451613 0.010752688172043012
3 0.44247311827956987 0.046236559139784944 0.011827956989247311 0.010752688172043012
39 0.443010752688172 0.0543010752688172 0.017204301075268817 0.013978494623655914
3 0.4483870967741935 0.05698924731182796 0.010752688172043012 0.008602150537634409
3 0.4510752688172043 0.06129032258064516 0.011827956989247311 0.0064516129032258064
3 0.45268817204301076 0.06505376344086021 0.010752688172043012 0.007526881720430108
3 0.45483870967741935 0.06935483870967742 0.010752688172043012 0.007526881720430108
3 0.4596774193548387 0.08010752688172043 0.016129032258064516 0.00967741935483871
3 0.5236559139784946 0.08494623655913978 0.02795698924731183 0.023655913978494623
3 0.535483870967742 0.05967741935483871 0.021505376344086023 0.024731182795698924
49 0.5043010752688172 0.06344086021505377 0.017204301075268817 0.01935483870967742
49 0.489247311827957 0.043010752688172046 0.01935483870967742 0.017204301075268817
