25 0.8112903225806452 0.01021505376344086 0.08709677419354839 0.01827956989247312
25 0.8779569892473118 0.14408602150537633 0.07634408602150537 0.030107526881720432
25 0.8903225806451613 0.12365591397849462 0.09247311827956989 0.03225806451612903
25 0.8908602150537634 0.10376344086021505 0.08494623655913978 0.03118279569892473
25 0.8908602150537634 0.08440860215053764 0.06774193548387097 0.026881720430107527
25 0.9026881720430108 0.06451612903225806 0.08494623655913978 0.03225806451612903
25 0.9059139784946236 0.04516129032258064 0.08494623655913978 0.030107526881720432
25 0.9059139784946236 0.024731182795698924 0.07849462365591398 0.034408602150537634
25 0.8118279569892473 0.02849462365591398 0.07526881720430108 0.02903225806451613
25 0.7940860215053763 0.0478494623655914 0.1 0.03763440860215054
25 0.7924731182795699 0.07096774193548387 0.09462365591397849 0.03655913978494624
25 0.7881720430107527 0.09301075268817205 0.09462365591397849 0.03118279569892473
25 0.7811827956989247 0.11290322580645161 0.0956989247311828 0.03870967741935484
25 0.7811827956989247 0.13870967741935483 0.08709677419354839 0.034408602150537634
25 0.7666666666666667 0.17688172043010753 0.08172043010752689 0.03118279569892473
39 0.5188172043010753 0.18440860215053764 0.04838709677419355 0.03333333333333333
39 0.8559139784946237 0.18333333333333332 0.053763440860215055 0.02903225806451613
3 0.8688172043010752 0.21236559139784947 0.07956989247311828 0.035483870967741936
