25 0.06130246458344169 0.3275535912275472 0.07526881720430108 0.026881720430107527
25 0.06679978376530146 0.20402279219923888 0.07526881720430108 0.03118279569892473
25 0.04135951170510955 0.10499877770996877 0.07419354838709677 0.030107526881720432
25 0.25795178085278164 0.029715825438738484 0.08172043010752689 0.025806451612903226
25 0.06683280767350674 0.03799817669066293 0.08172043010752689 0.03118279569892473
25 0.04867211991733712 0.05954979782348016 0.06666666666666667 0.024731182795698924
25 0.17352673576061947 0.11111795285840537 0.07419354838709677 0.024731182795698924
25 0.253775767088097 0.2374703464952747 0.06129032258064516 0.015053763440860216
25 0.16546369073465123 0.19406493119021068 0.07849462365591398 0.02795698924731183
25 0.12548986294747727 0.2198690969167262 0.07526881720430108 0.026881720430107527
25 0.14993185988768054 0.2326501863597776 0.06236559139784946 0.025806451612903226
25 0.1639474965132015 0.13753230559949514 0.06451612903225806 0.02903225806451613
25 0.46204386248002094 0.18514679724487693 0.06666666666666667 0.023655913978494623
25 0.4695616528924947 0.13641802529043567 0.06989247311827956 0.026881720430107527
25 0.41570175866387565 0.18462049854043083 0.06236559139784946 0.024731182795698924
25 0.40364524567151877 0.26465485751131723 0.06774193548387097 0.026881720430107527
25 0.39908780207951106 0.11871253656931834 0.053763440860215055 0.021505376344086023
25 0.3591926975721851 0.14594493263455582 0.06129032258064516 0.024731182795698924
25 0.4730744797667231 0.18399147099366397 0.060215053763440864 0.025806451612903226
25 0.44112509930145966 0.11994202237397138 0.06559139784946237 0.024731182795698924
25 0.3919747546572988 0.024867992268319303 0.05806451612903226 0.023655913978494623
25 0.5089205917767264 0.04032594425878741 0.04946236559139785 0.021505376344086023
25 0.3438066216704883 0.029960860098767972 0.05698924731182796 0.025806451612903226
25 0.40453331037698764 0.05685549632350057 0.06559139784946237 0.024731182795698924
25 0.3695974129803228 0.10053812662158922 0.054838709677419356 0.024731182795698924
25 0.4439461806036405 0.2379068348788581 0.06989247311827956 0.030107526881720432
25 0.3274936893984972 0.13838561706957442 0.06881720430107527 0.02903225806451613
25 0.3475996274229064 0.13078214569801264 0.06344086021505377 0.030107526881720432
25 0.34377329911452076 0.16316838350290322 0.07526881720430108 0.03118279569892473
25 0.3217668380785974 0.16450740341182152 0.06559139784946237 0.02903225806451613
25 0.29777621514051394 0.23136892186478886 0.05268817204301075 0.026881720430107527
25 0.21508081206860383 0.30022904856354704 0.06881720430107527 0.03118279569892473
25 0.2967157032779532 0.3077207754819602 0.06881720430107527 0.02795698924731183
25 0.27265487101322394 0.34332571245929605 0.06989247311827956 0.026881720430107527
39 0.9828697862031907 0.14808895534898414 0.026881720430107527 0.02258064516129032
39 0.8678652404559084 0.30462841356160586 0.03118279569892473 0.026881720430107527
39 0.9763227966102414 0.2440466646208004 0.041935483870967745 0.034408602150537634
39 0.9574360844365163 0.25642396367728265 0.05161290322580645 0.04086021505376344
39 0.958859864515836 0.36376119923472783 0.05053763440860215 0.043010752688172046
39 0.8325054073925149 0.2946102245359592 0.05698924731182796 0.047311827956989246
39 0.9593132948927904 0.34340499651796 0.04838709677419355 0.035483870967741936
39 0.9296057704159746 0.3343846245886435 0.05268817204301075 0.041935483870967745
39 0.9613084204318474 0.3825755606096243 0.06666666666666667 0.05053763440860215
39 0.8289861544295695 0.33215156749605607 0.05053763440860215 0.03333333333333333
39 0.761408005065652 0.3246633887774677 0.046236559139784944 0.035483870967741936
39 0.619465960322614 0.33361528860397066 0.05698924731182796 0.023655913978494623
39 0.6067500722856469 0.4120996337745234 0.05591397849462366 0.023655913978494623
39 0.5924608260657076 0.34710162739866046 0.05591397849462366 0.02258064516129032
39 0.629014156488199 0.30388917258889236 0.05591397849462366 0.03118279569892473
39 0.6324335774215989 0.3376864870876614 0.06451612903225806 0.041935483870967745
39 0.6486587490042678 0.1868328556617487 0.05698924731182796 0.030107526881720432
39 0.6298786017560599 0.18492064654810678 0.060215053763440864 0.025806451612903226
39 0.6897807285664413 0.1712686311903612 0.05913978494623656 0.024731182795698924
39 0.6527568585252292 0.15665584503460972 0.054838709677419356 0.02043010752688172
39 0.6323051277849377 0.06612146750201557 0.05268817204301075 0.01827956989247312
39 0.6609805536089833 0.0206859222572984 0.05268817204301075 0.016129032258064516
39 0.7251945601669848 0.17217472922245525 0.05053763440860215 0.01935483870967742
39 0.6849866770462549 0.012424807123302559 0.04946236559139785 0.01935483870967742
39 0.7322926551112848 0.04006432654318571 0.05268817204301075 0.02258064516129032
39 0.5790819143231373 0.028297748063931698 0.046236559139784944 0.021505376344086023
39 0.6950698379532434 0.017630575250530453 0.046236559139784944 0.02043010752688172
39 0.6331004311900502 0.02678459916224253 0.05698924731182796 0.02043010752688172
39 0.6550604448822386 0.10258416569324476 0.047311827956989246 0.01827956989247312
39 0.4838975460504613 0.15518414861461832 0.054838709677419356 0.023655913978494623
39 0.5898096905216446 0.026894869950956753 0.06129032258064516 0.024731182795698924
39 0.6608828461239462 0.13778280534619514 0.05806451612903226 0.023655913978494623
39 0.5856737740809645 0.06278795643177412 0.05591397849462366 0.023655913978494623
39 0.6346059895832297 0.07778597601453405 0.054838709677419356 0.02258064516129032
39 0.5555296167576669 0.15150386381601053 0.05591397849462366 0.03333333333333333
39 0.6338414731057801 0.19708389706853097 0.053763440860215055 0.021505376344086023
39 0.6258143793235939 0.2120675769451176 0.05913978494623656 0.02258064516129032
39 0.5008834549691861 0.16781087580831264 0.07096774193548387 0.047311827956989246
39 0.553653495012149 0.26692981619317513 0.06236559139784946 0.03763440860215054
39 0.5225409147050137 0.22333702992968668 0.05913978494623656 0.035483870967741936
39 0.5704860740064297 0.28308279932710356 0.06129032258064516 0.02258064516129032
39 0.5585372290681837 0.3020400427544762 0.05161290322580645 0.034408602150537634
3 0.8460978430001439 0.32226420871081163 0.041935483870967745 0.02043010752688172
3 0.7754474858164844 0.26853290822701886 0.047311827956989246 0.021505376344086023
25 0.8487745258062707 0.2807384853849923 0.054838709677419356 0.023655913978494623
25 0.8891072598013221 0.2915825754799153 0.05161290322580645 0.02258064516129032
25 0.8868679276172908 0.29658656641091585 0.04946236559139785 0.021505376344086023
3 0.871888423042423 0.14199228190635102 0.043010752688172046 0.021505376344086023
3 0.9414482870571749 0.1938079862025902 0.05698924731182796 0.023655913978494623
25 0.9368056950363336 0.13221928882366932 0.06451612903225806 0.02903225806451613
3 0.9073899821432527 0.2248558043096478 0.05161290322580645 0.016129032258064516
3 0.8389519748142937 0.19673799094488453 0.05698924731182796 0.021505376344086023
3 0.8955821714760054 0.08986218415368706 0.04838709677419355 0.023655913978494623
25 0.8857565826823928 0.06048732217077822 0.04838709677419355 0.025806451612903226
25 0.8982884435485321 0.04447864231022261 0.04946236559139785 0.02795698924731183
3 0.9298565376153429 0.04716205298919049 0.053763440860215055 0.025806451612903226
25 0.8488486180862211 0.014461268640542507 0.05913978494623656 0.013978494623655914
3 0.7947957511730245 0.05569017546453159 0.053763440860215055 0.02043010752688172
3 0.8846641588204489 0.10109955721405807 0.046236559139784944 0.021505376344086023
3 0.8824426860394533 0.017226378838033435 0.04516129032258064 0.02043010752688172
3 0.8009566702271385 0.14171429766235516 0.03978494623655914 0.01827956989247312
3 0.7919223275056257 0.10191291869737888 0.043010752688172046 0.021505376344086023
25 0.7548000261399401 0.142681905436823 0.05268817204301075 0.025806451612903226
3 0.7468328023991148 0.13566448183653218 0.05591397849462366 0.02903225806451613
3 0.792761071640106 0.19811256921570244 0.053763440860215055 0.02795698924731183
3 0.8093235799289793 0.2547224520743744 0.04408602150537634 0.026881720430107527
3 0.8348394414515379 0.20928036427784147 0.03763440860215054 0.01935483870967742
3 0.6997825545562841 0.3168997507347001 0.05053763440860215 0.026881720430107527
25 0.7761494571621498 0.3462009013592278 0.05806451612903226 0.026881720430107527
3 0.7863731555391762 0.3253923543315479 0.035483870967741936 0.017204301075268817
3 0.9426451170943624 0.23297718428636477 0.04516129032258064 0.02258064516129032
3 0.7269398272044904 0.464131005671921 0.047311827956989246 0.024731182795698924
3 0.35644673906951685 0.10933925781737688 0.05161290322580645 0.023655913978494623
3 0.35594978346551964 0.22014908820282614 0.05591397849462366 0.026881720430107527
3 0.4249316796429224 0.06495091770501088 0.05161290322580645 0.026881720430107527
3 0.498852467791683 0.07967043765927309 0.06559139784946237 0.030107526881720432
3 0.44327901393352603 0.04685461325509509 0.05268817204301075 0.025806451612903226
3 0.37050469897712773 0.024527192368455953 0.06451612903225806 0.026881720430107527
3 0.3403623742909646 0.18198944283342744 0.04838709677419355 0.023655913978494623
3 0.31743736241485193 0.28027538876678826 0.05913978494623656 0.024731182795698924
3 0.14938658650252976 0.22603800590437742 0.035483870967741936 0.02043010752688172
3 0.1625083086969617 0.30506519525884357 0.016129032258064516 0.02258064516129032
3 0.1778903021606188 0.12741014892633018 0.07526881720430108 0.030107526881720432
3 0.1621091540760039 0.11195561871052545 0.010752688172043012 0.01935483870967742
3 0.18845973073658645 0.13237798853552274 0.013978494623655914 0.024731182795698924
3 0.1448534358605675 0.01741412249339762 0.04516129032258064 0.01935483870967742
