25 0.974047447775793 0.9924870392692418 0.01827956989247312 0.017204301075268817 0.04742279319603151
25 0.998417295833482 0.9634373936766389 0.012903225806451613 0.02043010752688172 0.04742279319603151
25 0.873821966834473 0.9447694648459881 0.08064516129032258 0.023655913978494623 0.04742279319603151
25 0.7582058454472561 0.9952904451657802 0.07741935483870968 0.023655913978494623 0.04742279319603151
3 0.826867925502971 0.9655347566246041 0.03655913978494624 0.016129032258064516 0.04742279319603151
39 0.7571717603000665 0.9591090701911653 0.054838709677419356 0.035483870967741936 0.04742279319603151
3 0.7868871585457027 0.9046056701349854 0.046236559139784944 0.01935483870967742 0.04742279319603151
25 0.8981983461554494 0.901832166439823 0.07634408602150537 0.03333333333333333 0.04742279319603151
25 0.86878661463329 0.8595512866812666 0.06989247311827956 0.023655913978494623 0.04742279319603151
3 0.7190309959599362 0.9960180913180199 0.1010752688172043 0.01935483870967742 0.04742279319603151
25 0.7731797135814084 0.9763710843807308 0.08602150537634409 0.026881720430107527 0.04742279319603151
25 0.6403909913438796 0.9464890682244631 0.08602150537634409 0.025806451612903226 0.04742279319603151
25 0.6890942299827135 0.9497849197081114 0.0935483870967742 0.02795698924731183 0.04742279319603151
25 0.8065921945992869 0.9755765961378746 0.08279569892473118 0.03870967741935484 0.04742279319603151
25 0.7589639537887112 0.8835114541378493 0.08172043010752689 0.03870967741935484 0.04742279319603151
25 0.7711107443573143 0.84004174642683 0.07311827956989247 0.03225806451612903 0.04742279319603151
25 0.7934078422236632 0.8982597283477181 0.06881720430107527 0.03333333333333333 0.04742279319603151
3 0.6674974532848795 0.8123814185720939 0.023655913978494623 0.015053763440860216 0.04742279319603151
3 0.6680820863775198 0.7343876891756274 0.02258064516129032 0.011827956989247311 0.04742279319603151
3 0.6109883224256917 0.675403006872486 0.03118279569892473 0.043010752688172046 0.04742279319603151
3 0.567176359484001 0.7466625447172438 0.026881720430107527 0.03870967741935484 0.04742279319603151
3 0.5680910320385447 0.8534057543518277 0.053763440860215055 0.023655913978494623 0.04742279319603151
3 0.5415338851338137 0.8414563474701974 0.04086021505376344 0.01827956989247312 0.04742279319603151
3 0.561320906637641 0.8208875005016891 0.03763440860215054 0.017204301075268817 0.04742279319603151
3 0.5411336971840442 0.8596759676753922 0.03655913978494624 0.015053763440860216 0.04742279319603151
3 0.6230336277077085 0.849832215802199 0.047311827956989246 0.021505376344086023 0.04742279319603151
39 0.5433819329005555 0.9133266491464996 0.04408602150537634 0.02043010752688172 0.04742279319603151
39 0.4950698607488505 0.9174950814070031 0.04408602150537634 0.023655913978494623 0.04742279319603151
39 0.5680050442601158 0.8181940417054049 0.03978494623655914 0.021505376344086023 0.04742279319603151
39 0.624747906778679 0.7994590047558244 0.06774193548387097 0.035483870967741936 0.04742279319603151
25 0.5068451488180644 0.8402706988855047 0.11720430107526882 0.053763440860215055 0.04742279319603151
25 0.47842541050445275 0.8070372785612437 0.11612903225806452 0.05161290322580645 0.04742279319603151
