39 0.8147262156733456 0.7446934618332038 0.054838709677419356 0.07741935483870968 0.020241705179628207
25 0.8353312064256709 0.7491619440923792 0.035483870967741936 0.054838709677419356 0.020241705179628207
25 0.8610302650402228 0.7736484667694248 0.047311827956989246 0.08279569892473118 0.020241705179628207
3 0.7150374126250204 0.7898346850923972 0.015053763440860216 0.030107526881720432 0.020241705179628207
3 0.6823804584196721 0.7751731795749 0.025806451612903226 0.043010752688172046 0.020241705179628207
25 0.6520955273355539 0.7610463983864606 0.02795698924731183 0.04838709677419355 0.020241705179628207
39 0.6297133987895598 0.770866125772131 0.03225806451612903 0.05806451612903226 0.020241705179628207
39 0.5048835154294304 0.7597828227940934 0.03655913978494624 0.06129032258064516 0.020241705179628207
25 0.5625188417747669 0.7657871195136698 0.030107526881720432 0.05268817204301075 0.020241705179628207
3 0.4725205399667161 0.7784233770731307 0.016129032258064516 0.024731182795698924 0.020241705179628207
25 0.4606433777168515 0.7688370114067047 0.030107526881720432 0.05268817204301075 0.020241705179628207
25 0.438448867693043 0.7413656352778815 0.03333333333333333 0.06129032258064516 0.020241705179628207
25 0.42024678461337994 0.7448317573200147 0.03333333333333333 0.06666666666666667 0.020241705179628207
25 0.3634689789554191 0.7291274161099531 0.034408602150537634 0.06989247311827956 0.020241705179628207
25 0.32034717122886497 0.6972806618764738 0.026881720430107527 0.04408602150537634 0.020241705179628207
25 0.30487389725726916 0.7287444072700314 0.03763440860215054 0.06881720430107527 0.020241705179628207
25 0.2799660669375162 0.7230859979751952 0.03118279569892473 0.054838709677419356 0.020241705179628207
25 0.2466267506445009 0.7190994712293428 0.030107526881720432 0.053763440860215055 0.020241705179628207
39 0.22245461469537622 0.7228651059750388 0.03118279569892473 0.043010752688172046 0.020241705179628207
3 0.21513741003272127 0.6908212194016082 0.02903225806451613 0.05161290322580645 0.020241705179628207
3 0.15181732321323307 0.6996667478792339 0.02258064516129032 0.04408602150537634 0.020241705179628207
3 0.5155665673897429 0.7866104512739882 0.017204301075268817 0.026881720430107527 0.020241705179628207
39 0.40387193956851464 0.7594604880532483 0.02903225806451613 0.04086021505376344 0.020241705179628207
3 0.34338147480899256 0.7846594595129207 0.02258064516129032 0.034408602150537634 0.020241705179628207
3 0.3323723240205306 0.7579590470136298 0.024731182795698924 0.03870967741935484 0.020241705179628207
3 0.2829151332173272 0.7451924951070233 0.01935483870967742 0.02795698924731183 0.020241705179628207
3 0.2508995765538044 0.7577070260038654 0.013978494623655914 0.02043010752688172 0.020241705179628207
3 0.2278716912002195 0.7467742786484509 0.016129032258064516 0.024731182795698924 0.020241705179628207
3 0.2351969654822669 0.7666105254518876 0.017204301075268817 0.02795698924731183 0.020241705179628207
3 0.2094355604499646 0.7543070516639881 0.013978494623655914 0.021505376344086023 0.020241705179628207
3 0.20391280301375617 0.7467266738865209 0.016129032258064516 0.02795698924731183 0.020241705179628207
3 0.20999360305032067 0.717741028054278 0.017204301075268817 0.02795698924731183 0.020241705179628207
3 0.1570125222804184 0.7354711757054317 0.021505376344086023 0.03225806451612903 0.020241705179628207
39 0.14662700202347714 0.6977624478277704 0.02043010752688172 0.03118279569892473 0.020241705179628207
39 0.14230868310713732 0.6923341009661768 0.017204301075268817 0.02903225806451613 0.020241705179628207
3 0.11247143754183188 0.6824941452818614 0.02258064516129032 0.03763440860215054 0.020241705179628207
39 0.09586385739339803 0.71638401522796 0.024731182795698924 0.03870967741935484 0.020241705179628207
3 0.08479901301211071 0.8162317014017814 0.008602150537634409 0.013978494623655914 0.020241705179628207
3 0.11358843474695386 0.8451856573361182 0.00967741935483871 0.016129032258064516 0.020241705179628207
3 0.17399462931627543 0.8389448284275833 0.015053763440860216 0.023655913978494623 0.020241705179628207
3 0.1792906268086841 0.8408951662329843 0.013978494623655914 0.021505376344086023 0.020241705179628207
3 0.15664315193091433 0.8156939533412959 0.012903225806451613 0.02043010752688172 0.020241705179628207
3 0.20074481700370034 0.7993859778038798 0.012903225806451613 0.02043010752688172 0.020241705179628207
3 0.23286328304152484 0.8137856601655379 0.012903225806451613 0.02043010752688172 0.020241705179628207
3 0.22479300180730047 0.8123153313346277 0.013978494623655914 0.021505376344086023 0.020241705179628207
3 0.2358114308633673 0.8286838230922275 0.013978494623655914 0.023655913978494623 0.020241705179628207
3 0.3157756749403727 0.8022577785584651 0.017204301075268817 0.026881720430107527 0.020241705179628207
3 0.3349794722288991 0.8559187418622864 0.02258064516129032 0.034408602150537634 0.020241705179628207
3 0.3694010372161353 0.8363305128854869 0.021505376344086023 0.03225806451612903 0.020241705179628207
3 0.4094173784055997 0.8380177633181563 0.023655913978494623 0.03763440860215054 0.020241705179628207
25 0.39645610152412925 0.8440349956237657 0.02258064516129032 0.046236559139784944 0.020241705179628207
25 0.45499572746292977 0.8859378387593875 0.026881720430107527 0.04516129032258064 0.020241705179628207
3 0.4733301255256816 0.8541983123507291 0.026881720430107527 0.04408602150537634 0.020241705179628207
39 0.48715550136833163 0.8547778681167973 0.01827956989247312 0.03118279569892473 0.020241705179628207
39 0.5097089139132474 0.8471233274431471 0.025806451612903226 0.041935483870967745 0.020241705179628207
39 0.5434099395205233 0.8581811216375194 0.024731182795698924 0.04086021505376344 0.020241705179628207
3 0.6486196773449501 0.8986568077329187 0.021505376344086023 0.035483870967741936 0.020241705179628207
3 0.6920978126052479 0.8825343135196803 0.01827956989247312 0.035483870967741936 0.020241705179628207
3 0.7676525954903262 0.8771282099691418 0.016129032258064516 0.021505376344086023 0.020241705179628207
39 0.7458534160200925 0.88597662800941 0.023655913978494623 0.035483870967741936 0.020241705179628207
3 0.6942266447978626 0.9783422077069373 0.012903225806451613 0.01827956989247312 0.020241705179628207
3 0.6710568440346159 0.9557368638964069 0.008602150537634409 0.016129032258064516 0.020241705179628207
3 0.587512447870611 0.989765435083004 0.030107526881720432 0.008602150537634409 0.020241705179628207
3 0.5039882204791244 0.9918730150499304 0.034408602150537634 0.016129032258064516 0.020241705179628207
3 0.48571109873291596 0.9580242778392909 0.02795698924731183 0.011827956989247311 0.020241705179628207
3 0.5204419032769546 0.9734604945408213 0.03118279569892473 0.012903225806451613 0.020241705179628207
3 0.4002579133381765 0.9893680110612997 0.03763440860215054 0.01935483870967742 0.020241705179628207
3 0.4043419773336063 0.9990400940167333 0.03870967741935484 0.021505376344086023 0.020241705179628207
3 0.3949965084527814 0.9345231540025001 0.03763440860215054 0.016129032258064516 0.020241705179628207
3 0.40033738743944436 0.9387043071011412 0.03978494623655914 0.015053763440860216 0.020241705179628207
39 0.3390722855123037 0.9477095429557191 0.030107526881720432 0.02043010752688172 0.020241705179628207
3 0.3364691160603012 0.9445591181864879 0.041935483870967745 0.02258064516129032 0.020241705179628207
3 0.3491139823718258 0.9304388622130523 0.03978494623655914 0.021505376344086023 0.020241705179628207
3 0.20415742521138172 0.9784705768921808 0.03763440860215054 0.01827956989247312 0.020241705179628207
3 0.18557694815899023 0.9832487492603237 0.035483870967741936 0.017204301075268817 0.020241705179628207
3 0.22180845368110497 0.9618274125257343 0.03870967741935484 0.01935483870967742 0.020241705179628207
3 0.21468209687504 0.9491578614808244 0.035483870967741936 0.01827956989247312 0.020241705179628207
39 0.21167992647242903 0.8891218547797142 0.025806451612903226 0.015053763440860216 0.020241705179628207
3 0.16514361867582508 0.9676224158162985 0.041935483870967745 0.01827956989247312 0.020241705179628207
3 0.15188267059705657 0.9262477381974036 0.03978494623655914 0.017204301075268817 0.020241705179628207
3 0.15896572072480136 0.9407940136553776 0.04838709677419355 0.016129032258064516 0.020241705179628207
3 0.17440888888214265 0.908273191542749 0.02903225806451613 0.00967741935483871 0.020241705179628207
3 0.18210761017904717 0.9029527231303717 0.043010752688172046 0.017204301075268817 0.020241705179628207
39 0.025965572903329223 0.9435665083085215 0.043010752688172046 0.015053763440860216 0.020241705179628207
39 0.04896019736299758 0.94816216581628 0.03978494623655914 0.016129032258064516 0.020241705179628207
39 0.06297216499332552 0.9012921667878772 0.03763440860215054 0.012903225806451613 0.020241705179628207
39 0.051185498152656904 0.9129678847597398 0.043010752688172046 0.023655913978494623 0.020241705179628207
