39 0.9075109469841381 0.909760860819943 0.054838709677419356 0.034408602150537634
39 0.9429585324959643 0.9363445103143749 0.04516129032258064 0.024731182795698924
39 0.9107213949168685 0.8683037809768953 0.05268817204301075 0.03225806451612903
39 0.9214468703702751 0.8997463280968451 0.05053763440860215 0.034408602150537634
3 0.6915361896346566 0.8762306255151939 0.04946236559139785 0.026881720430107527
3 0.8497148127103258 0.967524913208896 0.053763440860215055 0.02258064516129032
39 0.8527774651394109 0.9105136279673254 0.05053763440860215 0.02795698924731183
3 0.76832615901808 0.9864974733529258 0.04408602150537634 0.01827956989247312
3 0.782258675745943 0.9602055040916744 0.05268817204301075 0.023655913978494623
25 0.7584008690581537 0.9563020469080173 0.05806451612903226 0.024731182795698924
39 0.5988816328805743 0.9537893442857946 0.04946236559139785 0.030107526881720432
39 0.7184405692740229 0.9315140173123793 0.04086021505376344 0.01827956989247312
39 0.6797163014306011 0.9292056168971868 0.054838709677419356 0.023655913978494623
39 0.597026974974674 0.809568026155571 0.04086021505376344 0.01935483870967742
39 0.6127515877717379 0.8110078070988138 0.03978494623655914 0.02903225806451613
39 0.5839039961021963 0.9500944786465214 0.06129032258064516 0.02258064516129032
39 0.4655737913608829 0.8464154274958261 0.05913978494623656 0.01935483870967742
39 0.5214772683523432 0.9625635804749271 0.05913978494623656 0.02258064516129032
39 0.5803496235966521 0.9020677139347891 0.05161290322580645 0.01935483870967742
39 0.5512487326395993 0.908046708312988 0.05161290322580645 0.01827956989247312
39 0.5120293982162494 0.9382803463245182 0.05053763440860215 0.03225806451612903
25 0.44652925393238285 0.9552872188908321 0.05591397849462366 0.026881720430107527
25 0.47546590487233564 0.8753527810255053 0.05161290322580645 0.026881720430107527
25 0.3722169815398926 0.9280662470323684 0.05591397849462366 0.02043010752688172
3 0.4366110946953306 0.9036118849743273 0.053763440860215055 0.02043010752688172
3 0.40523988374730663 0.9734471836547527 0.05591397849462366 0.025806451612903226
3 0.39050684099176375 0.8865953710332752 0.054838709677419356 0.026881720430107527
25 0.3262571636857876 0.9154761522957949 0.06344086021505377 0.015053763440860216
25 0.29689180289158007 0.9743127953679575 0.06344086021505377 0.024731182795698924
25 0.24369505356732035 0.9604112181223947 0.05698924731182796 0.024731182795698924
25 0.25902857281816394 0.8289431500117499 0.05698924731182796 0.023655913978494623
3 0.32195022210145213 0.9854043137722284 0.05053763440860215 0.02043010752688172
3 0.32576815863154834 0.9275291540802225 0.043010752688172046 0.01827956989247312
3 0.34129639731115363 0.8686401062888875 0.04408602150537634 0.02258064516129032
3 0.1811010564619332 0.9801158695932424 0.046236559139784944 0.01935483870967742
25 0.114476074416782 0.9007972191768387 0.08924731182795699 0.02903225806451613
3 0.15302586690175507 0.9623394292029386 0.06344086021505377 0.02258064516129032
25 0.18762542368700807 0.9668725880111552 0.060215053763440864 0.02043010752688172
25 0.15491655070100332 0.9065626806382417 0.05913978494623656 0.03118279569892473
25 0.1947503021157484 0.8060283648579769 0.05268817204301075 0.02258064516129032
25 0.12824538105288175 0.9338470268566115 0.07096774193548387 0.02043010752688172
25 0.0796873862650255 0.9688528565323038 0.08279569892473118 0.03118279569892473
25 0.0763485225984921 0.8550270398015156 0.06666666666666667 0.02795698924731183
3 0.04760579499855331 0.8713405834274766 0.060215053763440864 0.021505376344086023
3 0.2628083230981661 0.9079655085898954 0.054838709677419356 0.02043010752688172
3 0.2099104954768931 0.8455043030976055 0.023655913978494623 0.026881720430107527
3 0.07834505125668431 0.8701033484396897 0.04838709677419355 0.02043010752688172
