31 0.7131662551941695 0.6225547963434442 0.5580645161290323 0.23225806451612904
31 0.8371480744262235 0.09192025029172357 0.3150537634408602 0.16666666666666666
5 0.27767468869456063 0.10906006923136624 0.1053763440860215 0.06881720430107527
30 0.14268522430618807 0.9341771527087713 0.25268817204301075 0.12580645161290321
31 0.7693725311338554 0.7844300926308858 0.44193548387096776 0.15268817204301074
30 0.1953018960904481 0.5732760777146712 0.34623655913978496 0.14193548387096774
31 0.21047952082254007 0.4854175056608373 0.3688172043010753 0.13225806451612904
31 0.21313889534511604 0.4670533631813938 0.3870967741935484 0.13333333333333333
31 0.21518766700615505 0.44351278566649427 0.3989247311827957 0.14623655913978495
31 0.2730830645190184 0.3770781038432288 0.513978494623656 0.16989247311827957
31 0.319414513945544 0.3730542580602497 0.5161290322580645 0.17849462365591398
