30 0.9058703777039324 0.3570205486765105 0.12580645161290321 0.17956989247311828 0.013561566715574479
49 0.8068652459659386 0.16257475942336344 0.13333333333333333 0.11827956989247312 0.013561566715574479
30 0.687544211086153 0.07222401616332648 0.14838709677419354 0.11397849462365592 0.013561566715574479
5 0.5277592418229673 0.3023479078196068 0.021505376344086023 0.017204301075268817 0.013561566715574479
5 0.5265657729925352 0.31626343437901133 0.021505376344086023 0.017204301075268817 0.013561566715574479
5 0.6016722222473209 0.2793223546273282 0.030107526881720432 0.03225806451612903 0.013561566715574479
5 0.5818794825228287 0.27105609727270635 0.1010752688172043 0.1010752688172043 0.013561566715574479
5 0.5642812859521463 0.308181687362506 0.1010752688172043 0.1010752688172043 0.013561566715574479
5 0.5031640951372849 0.2069282082690203 0.025806451612903226 0.02795698924731183 0.013561566715574479
12 0.4792131576734249 0.19233236659989764 0.07526881720430108 0.08172043010752689 0.013561566715574479
12 0.45097251850822995 0.19340696115265055 0.08817204301075268 0.09462365591397849 0.013561566715574479
