3 0.23518053484466128 0.9207392458939613 0.01827956989247312 0.02258064516129032 0.04475000148317207
3 0.44505025590933306 0.9324832398624869 0.024731182795698924 0.023655913978494623 0.04475000148317207
3 0.493322860678069 0.5924370967336333 0.013978494623655914 0.00967741935483871 0.04475000148317207
3 0.02730877888137017 0.25486152755949365 0.013978494623655914 0.015053763440860216 0.04475000148317207
3 0.04734847556134251 0.3884730491956812 0.013978494623655914 0.015053763440860216 0.04475000148317207
39 0.2311904629669077 0.24146515748264374 0.016129032258064516 0.015053763440860216 0.04475000148317207
3 0.211624972711663 0.3328827036066379 0.013978494623655914 0.015053763440860216 0.04475000148317207
3 0.17291076059283242 0.37038492075498647 0.011827956989247311 0.015053763440860216 0.04475000148317207
3 0.21130245236861941 0.3554672326665938 0.016129032258064516 0.015053763440860216 0.04475000148317207
3 0.24009471435926366 0.39214986926443074 0.016129032258064516 0.015053763440860216 0.04475000148317207
3 0.41086179304286746 0.34261688983302396 0.013978494623655914 0.017204301075268817 0.04475000148317207
3 0.4148862238203725 0.19182021319314937 0.02043010752688172 0.023655913978494623 0.04475000148317207
3 0.3587334757082733 0.10517051355276302 0.024731182795698924 0.017204301075268817 0.04475000148317207
