12 0.9893494191518021 0.8201733614729744 0.06236559139784946 0.14408602150537633 0.15898376176836937
12 0.8758980647415346 0.7000924495393295 0.053763440860215055 0.16989247311827957 0.15898376176836937
12 0.740749204181076 0.7119228415465727 0.04516129032258064 0.08924731182795699 0.15898376176836937
12 0.88680272156715 0.8008175834259345 0.03333333333333333 0.05698924731182796 0.15898376176836937
25 0.7635868049646057 0.644179881312422 0.04086021505376344 0.08494623655913978 0.15898376176836937
49 0.6259979151795185 0.813777805130324 0.03118279569892473 0.043010752688172046 0.15898376176836937
49 0.8820089566348027 0.9317092288359498 0.06129032258064516 0.08279569892473118 0.15898376176836937
39 0.7478563381625148 0.8639217872861342 0.08279569892473118 0.09247311827956989 0.15898376176836937
3 0.697225960145131 0.8724593924109416 0.011827956989247311 0.021505376344086023 0.15898376176836937
3 0.894453526996313 0.7966637720251616 0.03655913978494624 0.05698924731182796 0.15898376176836937
5 0.9015359483589935 0.7074934432545336 0.06344086021505377 0.08602150537634409 0.15898376176836937
49 0.6751267727060628 0.7981238308468167 0.03118279569892473 0.05268817204301075 0.15898376176836937
14 0.5890521786366808 0.844371354282995 0.05806451612903226 0.08172043010752689 0.15898376176836937
5 0.4376035323567046 0.6876422954921916 0.12150537634408602 0.16129032258064516 0.15898376176836937
5 0.4816083377900834 0.5448033452941219 0.07634408602150537 0.1860215053763441 0.15898376176836937
