25 0.6094851455383545 0.8844379500902877 0.03870967741935484 0.05161290322580645
5 0.6313064387319904 0.8514334223927335 0.15698924731182795 0.053763440860215055
14 0.6258293468344255 0.8167486485924292 0.12688172043010754 0.06451612903225806
49 0.6619112727322213 0.7794149066641342 0.05806451612903226 0.023655913978494623
49 0.6012666512984909 0.7637363430368304 0.05591397849462366 0.025806451612903226
49 0.4784372172977659 0.689210861212519 0.15268817204301074 0.07956989247311828
14 0.020557602879773495 0.7810070119132697 0.04086021505376344 0.05268817204301075
14 0.14376992958734305 0.8349217500511981 0.047311827956989246 0.034408602150537634
5 0.14882267576302588 0.7896058822762123 0.23655913978494625 0.13763440860215054
5 0.09176418300395649 0.7635931704233125 0.11827956989247312 0.13333333333333333
