25 0.8509988225488849 0.9857583414516662 0.025806451612903226 0.021505376344086023 0.06449997146634086
25 0.6730266129955635 0.9988406333941227 0.04086021505376344 0.046236559139784944 0.06449997146634086
3 0.785483728790654 0.9968055073759786 0.02903225806451613 0.047311827956989246 0.06449997146634086
3 0.5701417932876819 0.9835193149227354 0.08172043010752689 0.03118279569892473 0.06449997146634086
5 0.4784781906712013 0.9519981578333975 0.0989247311827957 0.04086021505376344 0.06449997146634086
39 0.4455572005604845 0.9469400212179807 0.04086021505376344 0.023655913978494623 0.06449997146634086
39 0.4995248279701286 0.9077177213931639 0.1053763440860215 0.04516129032258064 0.06449997146634086
25 0.7262983495064463 0.9734725996588869 0.09462365591397849 0.03225806451612903 0.06449997146634086
25 0.5737658113516833 0.9131065830825135 0.08172043010752689 0.034408602150537634 0.06449997146634086
39 0.7673848015428342 0.9105810400889586 0.08817204301075268 0.02795698924731183 0.06449997146634086
49 0.8108120528004022 0.9151466324696893 0.08387096774193549 0.023655913978494623 0.06449997146634086
29 0.7349480719409727 0.8380281125024055 0.07311827956989247 0.023655913978494623 0.06449997146634086
31 0.7205139131031795 0.7388018826998008 0.04086021505376344 0.10752688172043011 0.06449997146634086
49 0.8103887333700034 0.6808059726106735 0.025806451612903226 0.07096774193548387 0.06449997146634086
49 0.7648639656745626 0.6222628524738972 0.03225806451612903 0.09032258064516129 0.06449997146634086
12 0.7228657111389248 0.7327264996703331 0.13978494623655913 0.33978494623655914 0.06449997146634086
12 0.4598064597003022 0.694446376772443 0.09247311827956989 0.2709677419354839 0.06449997146634086
12 0.5117182639230252 0.6756667474419712 0.060215053763440864 0.14623655913978495 0.06449997146634086
12 0.5234997335799247 0.6707500193113786 0.11397849462365592 0.27741935483870966 0.06449997146634086
12 0.3626859125786613 0.773177083549473 0.07526881720430108 0.14193548387096774 0.06449997146634086
30 0.3111110471006747 0.824114519666824 0.03870967741935484 0.12473118279569892 0.06449997146634086
12 0.2572201680228353 0.7293742949229068 0.05806451612903226 0.12903225806451613 0.06449997146634086
12 0.3017025909218697 0.671196125004675 0.047311827956989246 0.13548387096774195 0.06449997146634086
12 0.18823737890017989 0.7649422921770923 0.05591397849462366 0.15268817204301074 0.06449997146634086
3 0.14956760905901206 0.834808074725403 0.04516129032258064 0.08817204301075268 0.06449997146634086
3 0.24108170591908115 0.8966669367447255 0.043010752688172046 0.08172043010752689 0.06449997146634086
3 0.19677322710266298 0.8828409709356113 0.030107526881720432 0.07311827956989247 0.06449997146634086
3 0.11317117443300609 0.8606669979030263 0.02795698924731183 0.06666666666666667 0.06449997146634086
3 0.008740960875746578 0.8953332348329669 0.025806451612903226 0.043010752688172046 0.06449997146634086
12 0.19333997214138582 0.8681484901406317 0.03225806451612903 0.09032258064516129 0.06449997146634086
49 0.09526181831713346 0.7924978801585456 0.03655913978494624 0.10967741935483871 0.06449997146634086
12 0.10187910590107305 0.6847081683721492 0.030107526881720432 0.07096774193548387 0.06449997146634086
