3 0.005951615471273141 0.36604218784822784 0.00967741935483871 0.02258064516129032 0.011550250386344066
34 0.9653075685039084 0.45008395164644954 0.07526881720430108 0.11720430107526882 0.011550250386344066
14 0.9775183318418249 0.3505214815807989 0.03978494623655914 0.043010752688172046 0.011550250386344066
14 0.874227987380447 0.40725440029122817 0.08817204301075268 0.09462365591397849 0.011550250386344066
49 0.6890459462896011 0.4124782820953014 0.043010752688172046 0.025806451612903226 0.011550250386344066
3 0.7037409965023069 0.41572456402411767 0.047311827956989246 0.016129032258064516 0.011550250386344066
39 0.7047860274051096 0.38856303132575043 0.041935483870967745 0.012903225806451613 0.011550250386344066
3 0.6787393709232682 0.379700786828837 0.011827956989247311 0.015053763440860216 0.011550250386344066
3 0.6960618794245169 0.3444461563608071 0.02903225806451613 0.00967741935483871 0.011550250386344066
3 0.6917202722221124 0.32299122976875694 0.008602150537634409 0.011827956989247311 0.011550250386344066
3 0.6382975337276304 0.4260766888305265 0.02258064516129032 0.043010752688172046 0.011550250386344066
39 0.5651711107085421 0.41382508104656474 0.02043010752688172 0.03763440860215054 0.011550250386344066
39 0.5778887515771509 0.40648672836164973 0.015053763440860216 0.03870967741935484 0.011550250386344066
39 0.584746465497667 0.3952297223960807 0.013978494623655914 0.05161290322580645 0.011550250386344066
12 0.6216277802971404 0.3841045329156912 0.03225806451612903 0.08709677419354839 0.011550250386344066
39 0.6159521543463383 0.3292447685144736 0.01827956989247312 0.03118279569892473 0.011550250386344066
3 0.5853315313018231 0.32212625696580255 0.016129032258064516 0.023655913978494623 0.011550250386344066
3 0.5818481789016802 0.32992344594603534 0.010752688172043012 0.021505376344086023 0.011550250386344066
3 0.5707242056157857 0.317800369494684 0.00967741935483871 0.02043010752688172 0.011550250386344066
3 0.5506684638543784 0.3184529468050114 0.010752688172043012 0.01935483870967742 0.011550250386344066
3 0.5301934136563511 0.325313678734952 0.010752688172043012 0.016129032258064516 0.011550250386344066
3 0.5228919056797945 0.3223992129816371 0.011827956989247311 0.017204301075268817 0.011550250386344066
3 0.5512424917065416 0.1519923046603842 0.01827956989247312 0.025806451612903226 0.011550250386344066
3 0.5177620891223268 0.09402061180126826 0.010752688172043012 0.017204301075268817 0.011550250386344066
3 0.5261615472289688 0.07029215469979494 0.008602150537634409 0.013978494623655914 0.011550250386344066
