5 0.8649123207554518 0.055093925958200965 0.015053763440860216 0.02795698924731183 0.11358288631055452
5 0.8912195600475903 0.21136063689751064 0.012903225806451613 0.023655913978494623 0.11358288631055452
5 0.9384368067647905 0.02880551848809951 0.017204301075268817 0.030107526881720432 0.11358288631055452
5 0.9315569163664426 0.06515142913699692 0.017204301075268817 0.030107526881720432 0.11358288631055452
14 0.9426722979759753 0.7029056690289497 0.041935483870967745 0.03225806451612903 0.11358288631055452
12 0.9206572531079195 0.4688445934212796 0.10752688172043011 0.49032258064516127 0.11358288631055452
12 0.813720145296872 0.3469039977819208 0.0989247311827957 0.4129032258064516 0.11358288631055452
12 0.7772892471980793 0.4818333456297772 0.12043010752688173 0.33978494623655914 0.11358288631055452
5 0.5398687061700582 0.37007472994185747 0.025806451612903226 0.07311827956989247 0.11358288631055452
12 0.614475896765143 0.4968216551357063 0.09032258064516129 0.11612903225806452 0.11358288631055452
34 0.6421500338578543 0.4289685474018253 0.16989247311827957 0.23655913978494625 0.11358288631055452
30 0.46434433521597707 0.17427618006057888 0.15268817204301074 0.3333333333333333 0.11358288631055452
14 0.3042742460761773 0.24958869704532785 0.12473118279569892 0.3053763440860215 0.11358288631055452
5 0.25476807402875246 0.38314413757564514 0.07311827956989247 0.03870967741935484 0.11358288631055452
49 0.01461012686237357 0.3702596685757503 0.035483870967741936 0.07419354838709677 0.11358288631055452
14 0.04273708663548722 0.4437598472569022 0.03655913978494624 0.07741935483870968 0.11358288631055452
