14 0.7618870946108723 0.9728609270826079 0.15483870967741936 0.03870967741935484 0.04417970267403771
5 0.30715486761283944 0.9550477611123729 0.14193548387096774 0.05161290322580645 0.04417970267403771
49 0.46899171867225564 0.9767798738531343 0.1935483870967742 0.03333333333333333 0.04417970267403771
14 0.572406696534605 0.9574120899212079 0.17204301075268819 0.07634408602150537 0.04417970267403771
5 0.5834869762930512 0.9183644367136982 0.13333333333333333 0.07741935483870968 0.04417970267403771
14 0.8087606657733186 0.8809645756263482 0.08817204301075268 0.047311827956989246 0.04417970267403771
14 0.9506963412821581 0.956617096562774 0.07741935483870968 0.04516129032258064 0.04417970267403771
14 0.78825059418059 0.9083992295046334 0.10752688172043011 0.06881720430107527 0.04417970267403771
29 0.8148220149554042 0.9360390389715049 0.07311827956989247 0.047311827956989246 0.04417970267403771
5 0.6490241130505359 0.8736536397808444 0.1978494623655914 0.12903225806451613 0.04417970267403771
25 0.6601293770855923 0.7843726592560373 0.05806451612903226 0.03225806451612903 0.04417970267403771
25 0.6635998123050583 0.8513162125659869 0.07311827956989247 0.04086021505376344 0.04417970267403771
25 0.6935679569857994 0.8370395211337665 0.06236559139784946 0.04086021505376344 0.04417970267403771
5 0.8379577325873843 0.21762398034022426 0.3333333333333333 0.0913978494623656 0.04417970267403771
30 0.8963780178117622 0.29674143740000214 0.3311827956989247 0.0913978494623656 0.04417970267403771
29 0.8099483841552645 0.4107857064973222 0.06881720430107527 0.01935483870967742 0.04417970267403771
3 0.7898713979255254 0.39246758812585036 0.05591397849462366 0.017204301075268817 0.04417970267403771
29 0.7198931290082552 0.3752206461989592 0.14838709677419354 0.03225806451612903 0.04417970267403771
29 0.6614155637543963 0.47929562100508244 0.12258064516129032 0.03870967741935484 0.04417970267403771
29 0.7975815884604219 0.5154598240604054 0.12043010752688173 0.03655913978494624 0.04417970267403771
29 0.7835226518627937 0.4898039420691462 0.14838709677419354 0.03655913978494624 0.04417970267403771
12 0.7960532409099345 0.6254450084649834 0.4032258064516129 0.07956989247311828 0.04417970267403771
49 0.6067348521438323 0.6961632581160425 0.04946236559139785 0.017204301075268817 0.04417970267403771
49 0.5905506258119642 0.6303425151432568 0.08387096774193549 0.02795698924731183 0.04417970267403771
5 0.5260414119550377 0.5745413371551374 0.025806451612903226 0.07741935483870968 0.04417970267403771
30 0.5109726241815681 0.6300489874358045 0.1870967741935484 0.04946236559139785 0.04417970267403771
34 0.03233496015714682 0.7355814096444224 0.07741935483870968 0.03655913978494624 0.04417970267403771
30 0.059297042438347144 0.6817877783310256 0.11720430107526882 0.04086021505376344 0.04417970267403771
25 0.23793172726787182 0.5976857581739443 0.04946236559139785 0.012903225806451613 0.04417970267403771
25 0.024618834434697447 0.5241199345301889 0.0956989247311828 0.025806451612903226 0.04417970267403771
25 0.2338990964774522 0.5738086211425643 0.23440860215053763 0.07311827956989247 0.04417970267403771
25 0.21182612916502092 0.5791162532915892 0.24086021505376345 0.05161290322580645 0.04417970267403771
3 0.2898778029747041 0.43079870360088396 0.047311827956989246 0.015053763440860216 0.04417970267403771
25 0.18754303851404114 0.4458011237111657 0.17419354838709677 0.04516129032258064 0.04417970267403771
29 0.12029812115302746 0.31931257766332205 0.11182795698924732 0.030107526881720432 0.04417970267403771
29 0.16873587846662963 0.27847259179772044 0.11182795698924732 0.034408602150537634 0.04417970267403771
25 0.25030446467909767 0.37986087977180427 0.25806451612903225 0.053763440860215055 0.04417970267403771
29 0.403512734547514 0.37589444916367376 0.08602150537634409 0.09247311827956989 0.04417970267403771
3 0.45042466645744667 0.2748039675801202 0.07526881720430108 0.023655913978494623 0.04417970267403771
25 0.564938651649685 0.23873194564763062 0.06666666666666667 0.16989247311827957 0.04417970267403771
49 0.6333895259986749 0.16992284682707998 0.1010752688172043 0.17849462365591398 0.04417970267403771
5 0.49176256841862803 0.1194823443691587 0.1053763440860215 0.16129032258064516 0.04417970267403771
29 0.4309595304864206 0.14253206274506916 0.03655913978494624 0.08817204301075268 0.04417970267403771
5 0.33863650952819996 0.13722054593072275 0.08387096774193549 0.08172043010752689 0.04417970267403771
14 0.0671001618225749 0.0830802429824117 0.12365591397849462 0.15698924731182795 0.04417970267403771
14 0.1898083399231029 0.09325483149166537 0.06881720430107527 0.16236559139784945 0.04417970267403771
14 0.27301915848141195 0.050171912971765306 0.08064516129032258 0.14838709677419354 0.04417970267403771
