34 0.042354033025856615 0.19550708485110385 0.07634408602150537 0.041935483870967745
30 0.07586539581143219 0.21273437641644086 0.11827956989247312 0.043010752688172046
5 0.5381891565955048 0.028498959982168386 0.023655913978494623 0.05591397849462366
25 0.2237289179876402 0.06496817153860848 0.21505376344086022 0.060215053763440864
31 0.5000077354791853 0.13216919352198642 0.1827956989247312 0.047311827956989246
49 0.6284872247950017 0.18069954468224292 0.04946236559139785 0.017204301075268817
49 0.5985349801203207 0.14823025089280242 0.08172043010752689 0.025806451612903226
12 0.781067247727235 0.12734933797093118 0.4053763440860215 0.07849462365591398
5 0.9260979982995744 0.5786045891768808 0.043010752688172046 0.021505376344086023
30 0.9587638447110453 0.6819699005273866 0.07419354838709677 0.02903225806451613
30 0.9254560639725894 0.7067200800996319 0.0913978494623656 0.04516129032258064
5 0.37854417811665364 0.5297187302126367 0.05806451612903226 0.060215053763440864
5 0.3083434411328374 0.5300687275659477 0.06236559139784946 0.05161290322580645
5 0.36098782275740965 0.4519633773724916 0.07311827956989247 0.05806451612903226
14 0.4647572451343669 0.6143722412367135 0.1935483870967742 0.10967741935483871
5 0.6906492617802362 0.6069186297133805 0.13763440860215054 0.05806451612903226
5 0.7136204733791235 0.6056742525874339 0.23440860215053763 0.053763440860215055
29 0.5508153497308479 0.6028308885962312 0.05591397849462366 0.1010752688172043
29 0.5915681140038621 0.568955479126482 0.053763440860215055 0.1032258064516129
29 0.6547299102565218 0.5751148887977128 0.12258064516129032 0.053763440860215055
29 0.7362600105469017 0.5549236014410429 0.15268817204301074 0.06451612903225806
5 0.7092072078962852 0.4539470474367999 0.221505376344086 0.08387096774193549
14 0.8072289656310973 0.4414805411237264 0.24301075268817204 0.10752688172043011
14 0.9102740614055319 0.4518386956075972 0.0989247311827957 0.05591397849462366
14 0.7839187095021344 0.3648228243620325 0.11182795698924732 0.07526881720430108
5 0.3299188498727661 0.46472719657887235 0.15268817204301074 0.13548387096774195
49 0.5188873045519327 0.46726363045986763 0.3032258064516129 0.10967741935483871
14 0.5708482746976298 0.4184210639360328 0.17204301075268819 0.0989247311827957
5 0.5621690684776505 0.35059892508014934 0.13548387096774195 0.07741935483870968
14 0.9085380247066983 0.4248820286015584 0.09032258064516129 0.04946236559139785
14 0.9205573418675249 0.4016789491580232 0.07956989247311828 0.047311827956989246
14 0.7854111442607791 0.3761398338398109 0.10967741935483871 0.06881720430107527
29 0.8023811502964197 0.3692536254936518 0.07526881720430108 0.04946236559139785
5 0.6392732266699606 0.3455215514978034 0.2 0.13118279569892474
25 0.621009727350458 0.14709257774854656 0.05806451612903226 0.034408602150537634
25 0.675390882880418 0.25928688052241206 0.07526881720430108 0.043010752688172046
25 0.6150658129559614 0.32316740952654205 0.06236559139784946 0.043010752688172046
