30 0.8744844506971621 0.9605221228308377 0.09462365591397849 0.17419354838709677 0.060864993906912086
5 0.8223653240787101 0.8154445885200944 0.25483870967741934 0.3010752688172043 0.060864993906912086
29 0.6112176379936214 0.16217436456515394 0.043010752688172046 0.060215053763440864 0.060864993906912086
29 0.5342146628015563 0.19984860383647363 0.060215053763440864 0.09247311827956989 0.060864993906912086
3 0.45479786657941706 0.9701982359260534 0.05161290322580645 0.025806451612903226 0.060864993906912086
12 0.4359769165829572 0.9698352993792704 0.05591397849462366 0.030107526881720432 0.060864993906912086
34 0.2797951472824815 0.872583698361039 0.13978494623655913 0.22043010752688172 0.060864993906912086
34 0.180872368750471 0.8816683916185137 0.13118279569892474 0.22903225806451613 0.060864993906912086
29 0.38009404247209894 0.674440638643676 0.06236559139784946 0.0989247311827957 0.060864993906912086
29 0.3245683356082898 0.6356035639103603 0.08817204301075268 0.14193548387096774 0.060864993906912086
3 0.5561135616819034 0.32378555610682846 0.04516129032258064 0.060215053763440864 0.060864993906912086
30 0.44474441525305575 0.383541681096402 0.17634408602150536 0.3204301075268817 0.060864993906912086
12 0.03980476269586228 0.01269311667822215 0.0967741935483871 0.21827956989247313 0.060864993906912086
12 0.11779732736023626 0.11131268046925898 0.17096774193548386 0.23548387096774193 0.060864993906912086
12 0.26463039993143245 0.08885125716226955 0.11935483870967742 0.19032258064516128 0.060864993906912086
12 0.3454544417902269 0.12690036280162173 0.13333333333333333 0.24946236559139784 0.060864993906912086
