3 0.30853395044448517 0.9975036092193456 0.01935483870967742 0.021505376344086023 0.031509738448899365
3 0.28782144865033743 0.920975761474252 0.012903225806451613 0.013978494623655914 0.031509738448899365
3 0.3058694203815265 0.9922529191085822 0.010752688172043012 0.008602150537634409 0.031509738448899365
3 0.2769243397807136 0.9896397186863588 0.01827956989247312 0.013978494623655914 0.031509738448899365
3 0.28123503921452264 0.9211498989896342 0.01827956989247312 0.021505376344086023 0.031509738448899365
3 0.2682473638634282 0.9845972770796648 0.02258064516129032 0.02903225806451613 0.031509738448899365
3 0.22058129904984328 0.9906993324612319 0.02795698924731183 0.04408602150537634 0.031509738448899365
3 0.21413615712281642 0.9649729056097647 0.024731182795698924 0.03870967741935484 0.031509738448899365
3 0.19267671146669973 0.9630046712098155 0.023655913978494623 0.03763440860215054 0.031509738448899365
25 0.1493199677876383 0.9580444273720977 0.034408602150537634 0.04838709677419355 0.031509738448899365
3 0.18888129577818802 0.9388243260670418 0.030107526881720432 0.04086021505376344 0.031509738448899365
3 0.1963945611520323 0.9873036035647283 0.02795698924731183 0.04086021505376344 0.031509738448899365
3 0.10281205531448381 0.9284834767997049 0.02903225806451613 0.03870967741935484 0.031509738448899365
3 0.10463534203116384 0.9744912775735256 0.024731182795698924 0.03333333333333333 0.031509738448899365
3 0.09450357883508195 0.9569643591828415 0.024731182795698924 0.034408602150537634 0.031509738448899365
39 0.08249067911695135 0.9484656858509726 0.03225806451612903 0.041935483870967745 0.031509738448899365
49 0.04695355594746793 0.9451838357556652 0.03655913978494624 0.05053763440860215 0.031509738448899365
3 0.07437013034721253 0.9551915844455408 0.023655913978494623 0.03333333333333333 0.031509738448899365
3 0.023825084365625648 0.909657412920923 0.030107526881720432 0.03978494623655914 0.031509738448899365
3 0.004570767923737145 0.937970644855916 0.02043010752688172 0.02903225806451613 0.031509738448899365
3 0.05795915738668954 0.835045794448438 0.011827956989247311 0.017204301075268817 0.031509738448899365
3 0.09109085706054196 0.7806002831827131 0.00967741935483871 0.017204301075268817 0.031509738448899365
3 0.057333619657276735 0.794739218485007 0.008602150537634409 0.01827956989247312 0.031509738448899365
3 0.08055354178496558 0.7987936401453283 0.00967741935483871 0.01935483870967742 0.031509738448899365
3 0.12751318297907027 0.8431845266203986 0.011827956989247311 0.024731182795698924 0.031509738448899365
3 0.11050921078074588 0.8593519394167545 0.008602150537634409 0.01827956989247312 0.031509738448899365
3 0.1081427629543933 0.8201947259595525 0.011827956989247311 0.02043010752688172 0.031509738448899365
3 0.13233530095256213 0.8257487433192743 0.012903225806451613 0.01935483870967742 0.031509738448899365
3 0.15482896147025063 0.7748911842535683 0.013978494623655914 0.02043010752688172 0.031509738448899365
3 0.20790080998376584 0.8340523246776461 0.015053763440860216 0.01935483870967742 0.031509738448899365
3 0.17191908908709733 0.8281377245076672 0.012903225806451613 0.017204301075268817 0.031509738448899365
3 0.20396296051431245 0.827880999068038 0.013978494623655914 0.021505376344086023 0.031509738448899365
3 0.20217810113589174 0.8830163278113596 0.012903225806451613 0.021505376344086023 0.031509738448899365
3 0.08804590172826397 0.8552910312654771 0.013978494623655914 0.02043010752688172 0.031509738448899365
3 0.24604455275584552 0.7846267697838532 0.02258064516129032 0.010752688172043012 0.031509738448899365
3 0.1903770722853143 0.802319619854598 0.016129032258064516 0.01935483870967742 0.031509738448899365
3 0.18698540727189877 0.7880445346132322 0.01827956989247312 0.02258064516129032 0.031509738448899365
3 0.13745484026131669 0.7905804050269639 0.013978494623655914 0.02258064516129032 0.031509738448899365
3 0.15203370769652086 0.8374430655362041 0.015053763440860216 0.025806451612903226 0.031509738448899365
3 0.11860693776360844 0.8156337619404826 0.00967741935483871 0.017204301075268817 0.031509738448899365
3 0.13273244458621097 0.8018899719350728 0.010752688172043012 0.01827956989247312 0.031509738448899365
3 0.060752836886580154 0.8333180172606838 0.017204301075268817 0.021505376344086023 0.031509738448899365
3 0.11308542968164034 0.7599540292730755 0.017204301075268817 0.025806451612903226 0.031509738448899365
3 0.09834761225393482 0.7963570395121639 0.017204301075268817 0.021505376344086023 0.031509738448899365
3 0.07068236328534384 0.7772620741548528 0.016129032258064516 0.02043010752688172 0.031509738448899365
3 0.04250928364326613 0.73931580898313 0.017204301075268817 0.021505376344086023 0.031509738448899365
3 0.08409865387271412 0.7718972257077276 0.011827956989247311 0.01827956989247312 0.031509738448899365
3 0.016662156835644065 0.7985957520162065 0.016129032258064516 0.02043010752688172 0.031509738448899365
3 0.029874339700811447 0.7661046414827287 0.012903225806451613 0.02043010752688172 0.031509738448899365
3 0.9372541967179236 0.9421553599133523 0.041935483870967745 0.013978494623655914 0.031509738448899365
25 0.9145021654188091 0.9521760924860643 0.06236559139784946 0.025806451612903226 0.031509738448899365
39 0.949274794427369 0.9319759102328443 0.04946236559139785 0.02795698924731183 0.031509738448899365
39 0.962018644196054 0.9219450677606634 0.05591397849462366 0.02795698924731183 0.031509738448899365
39 0.9551340001967586 0.8976494491166617 0.04086021505376344 0.026881720430107527 0.031509738448899365
39 0.9487881496733427 0.8402475121461611 0.017204301075268817 0.025806451612903226 0.031509738448899365
39 0.9777392836705094 0.8834853643817854 0.015053763440860216 0.024731182795698924 0.031509738448899365
39 0.9280513227806311 0.8396389436786111 0.03118279569892473 0.06344086021505377 0.031509738448899365
49 0.9590131507067227 0.7869461884528199 0.026881720430107527 0.03655913978494624 0.031509738448899365
3 0.8281821435225959 0.7213500040861938 0.02043010752688172 0.010752688172043012 0.031509738448899365
3 0.871336441080615 0.7749255741124986 0.02043010752688172 0.010752688172043012 0.031509738448899365
39 0.922602906214217 0.8389044329832344 0.02903225806451613 0.03870967741935484 0.031509738448899365
39 0.8704772372404767 0.8030262233207022 0.02903225806451613 0.04086021505376344 0.031509738448899365
39 0.8582781249714712 0.8072249689078068 0.030107526881720432 0.047311827956989246 0.031509738448899365
39 0.8314663573067864 0.8109059083654416 0.03333333333333333 0.04516129032258064 0.031509738448899365
39 0.770908321449478 0.7886538882327717 0.034408602150537634 0.07096774193548387 0.031509738448899365
25 0.741335077032511 0.8138019773974922 0.03118279569892473 0.06989247311827956 0.031509738448899365
25 0.6716087575346523 0.7740558215309239 0.01827956989247312 0.035483870967741936 0.031509738448899365
25 0.6587305446879915 0.8181817759969099 0.03655913978494624 0.06881720430107527 0.031509738448899365
25 0.6367079111777944 0.7750305573625473 0.024731182795698924 0.05053763440860215 0.031509738448899365
3 0.6199491387368641 0.764252712392724 0.01935483870967742 0.03655913978494624 0.031509738448899365
25 0.5920782743720369 0.7699983698895819 0.02795698924731183 0.053763440860215055 0.031509738448899365
25 0.61876125798377 0.732731188556893 0.030107526881720432 0.053763440860215055 0.031509738448899365
25 0.529843906908861 0.7520662066392156 0.030107526881720432 0.04838709677419355 0.031509738448899365
3 0.5627807640164133 0.7750062320815871 0.02258064516129032 0.04838709677419355 0.031509738448899365
25 0.5517160404441513 0.7854510133982222 0.03118279569892473 0.053763440860215055 0.031509738448899365
25 0.46631623053779603 0.7593873691653379 0.02903225806451613 0.05053763440860215 0.031509738448899365
3 0.48055507952305615 0.7446325607196338 0.024731182795698924 0.043010752688172046 0.031509738448899365
3 0.43395408785628425 0.7380315464555146 0.026881720430107527 0.04086021505376344 0.031509738448899365
3 0.39827056116426607 0.7310252016554115 0.013978494623655914 0.02258064516129032 0.031509738448899365
39 0.39381538867050364 0.731314431199502 0.021505376344086023 0.034408602150537634 0.031509738448899365
3 0.3744555091189107 0.6999807353108496 0.02258064516129032 0.03870967741935484 0.031509738448899365
39 0.34858504367666066 0.7305943042551489 0.023655913978494623 0.03655913978494624 0.031509738448899365
39 0.31195882157905724 0.7515386793142262 0.024731182795698924 0.03978494623655914 0.031509738448899365
39 0.3373078494094405 0.7377387774630569 0.034408602150537634 0.053763440860215055 0.031509738448899365
3 0.21443656095437927 0.6862430928278215 0.01827956989247312 0.030107526881720432 0.031509738448899365
3 0.2730320018485571 0.7039977581873146 0.01827956989247312 0.03333333333333333 0.031509738448899365
3 0.21840547107874447 0.6631511612358888 0.012903225806451613 0.01935483870967742 0.031509738448899365
3 0.18740872892313076 0.6955852570621605 0.013978494623655914 0.025806451612903226 0.031509738448899365
3 0.15216883071149065 0.6499593179840724 0.01827956989247312 0.02795698924731183 0.031509738448899365
3 0.15075561472817706 0.6963094618765427 0.01935483870967742 0.030107526881720432 0.031509738448899365
3 0.1400671801315458 0.6937168617844418 0.021505376344086023 0.03655913978494624 0.031509738448899365
3 0.11397564480981168 0.6755672798889449 0.01935483870967742 0.030107526881720432 0.031509738448899365
3 0.12116291892077838 0.6647152390400727 0.01827956989247312 0.030107526881720432 0.031509738448899365
3 0.06871651621623116 0.6670436081675152 0.016129032258064516 0.02795698924731183 0.031509738448899365
3 0.025828515464176492 0.7294911969641256 0.011827956989247311 0.01827956989247312 0.031509738448899365
3 0.11576649953998519 0.6488295990782594 0.007526881720430108 0.012903225806451613 0.031509738448899365
3 0.03339019143582078 0.685070938916671 0.02043010752688172 0.015053763440860216 0.031509738448899365
3 0.03088544847301185 0.6480856797892319 0.030107526881720432 0.013978494623655914 0.031509738448899365
3 0.028295577365452233 0.6904480454307224 0.02903225806451613 0.015053763440860216 0.031509738448899365
3 0.029957665746057217 0.6957127473140006 0.02795698924731183 0.013978494623655914 0.031509738448899365
3 0.05950691235136664 0.6870158077800373 0.025806451612903226 0.012903225806451613 0.031509738448899365
3 0.020265813280254993 0.7538880786544002 0.030107526881720432 0.017204301075268817 0.031509738448899365
3 0.03503504512581076 0.7011043401924429 0.026881720430107527 0.012903225806451613 0.031509738448899365
3 0.015458216387999844 0.7319326053961851 0.025806451612903226 0.015053763440860216 0.031509738448899365
3 0.004486693201714969 0.7497079731422357 0.025806451612903226 0.012903225806451613 0.031509738448899365
