49 0.8969212728881767 0.9811464811170316 0.02903225806451613 0.023655913978494623 0.01833972898944941
3 0.9147472925069666 0.9673187305824589 0.012903225806451613 0.008602150537634409 0.01833972898944941
3 0.920731469598001 0.9397890882026083 0.017204301075268817 0.0064516129032258064 0.01833972898944941
3 0.8971548212391806 0.9679152754344134 0.010752688172043012 0.017204301075268817 0.01833972898944941
3 0.9769458381412776 0.9620671689533282 0.01935483870967742 0.02795698924731183 0.01833972898944941
3 0.9697087300780179 0.9781532715299124 0.015053763440860216 0.021505376344086023 0.01833972898944941
3 0.9646496833557106 0.9950460505798998 0.012903225806451613 0.01935483870967742 0.01833972898944941
3 0.9570953549708567 0.9708654286359963 0.012903225806451613 0.01935483870967742 0.01833972898944941
3 0.944228272901134 0.9506817314181293 0.012903225806451613 0.01935483870967742 0.01833972898944941
3 0.9960416596862025 0.9338999498848914 0.00967741935483871 0.024731182795698924 0.01833972898944941
3 0.9648965488162556 0.9259683090897569 0.017204301075268817 0.023655913978494623 0.01833972898944941
3 0.8038345469988794 0.9260022857889653 0.017204301075268817 0.0064516129032258064 0.01833972898944941
3 0.8229694028388748 0.91965566568975 0.023655913978494623 0.010752688172043012 0.01833972898944941
3 0.9995364142201164 0.7600190524771714 0.012903225806451613 0.017204301075268817 0.01833972898944941
3 0.9870714654460723 0.7537604396369085 0.017204301075268817 0.010752688172043012 0.01833972898944941
3 0.9977963149097234 0.8108723872927613 0.01935483870967742 0.015053763440860216 0.01833972898944941
3 0.98850931773156 0.8014799661224028 0.023655913978494623 0.017204301075268817 0.01833972898944941
3 0.9785162771684653 0.7998643897672342 0.025806451612903226 0.012903225806451613 0.01833972898944941
3 0.9663974850567877 0.8053744294513644 0.023655913978494623 0.010752688172043012 0.01833972898944941
3 0.9652243719373175 0.8359934006869376 0.02795698924731183 0.012903225806451613 0.01833972898944941
3 0.9875912868797329 0.8282135433933702 0.034408602150537634 0.015053763440860216 0.01833972898944941
3 0.9709312207431825 0.8532614200190105 0.04086021505376344 0.01935483870967742 0.01833972898944941
3 0.9504981674367075 0.8759803931664758 0.023655913978494623 0.010752688172043012 0.01833972898944941
3 0.9577031360129474 0.8877070696179827 0.03655913978494624 0.017204301075268817 0.01833972898944941
