3 0.7169710540254755 0.23002293869310908 0.017204301075268817 0.025806451612903226
3 0.7281808611055117 0.2552991340790789 0.034408602150537634 0.017204301075268817
3 0.7205297921013193 0.19963974349151142 0.03655913978494624 0.01935483870967742
3 0.7629771259675932 0.3131529334264604 0.03225806451612903 0.017204301075268817
3 0.7465751288059843 0.03470659636449275 0.03225806451612903 0.017204301075268817
3 0.5969322228544532 0.1862792993441706 0.025806451612903226 0.012903225806451613
39 0.7286942096645985 0.1074185353341046 0.05591397849462366 0.02795698924731183
3 0.732156132567917 0.14881933245347934 0.047311827956989246 0.021505376344086023
3 0.7689030823572361 0.09140328758767448 0.034408602150537634 0.015053763440860216
3 0.8130580989188332 0.030314649770592304 0.034408602150537634 0.017204301075268817
39 0.6965680150773198 0.050651187186711556 0.03655913978494624 0.01935483870967742
3 0.844531135362939 0.2314793920248016 0.015053763440860216 0.01935483870967742
39 0.7525988191035504 0.0575897446286077 0.04086021505376344 0.023655913978494623
3 0.8102039957679262 0.019119051955745932 0.04516129032258064 0.01935483870967742
3 0.6919349896616107 0.06064479791799664 0.030107526881720432 0.015053763440860216
14 0.9262935467874291 0.2833646528985146 0.08172043010752689 0.03225806451612903
14 0.9080565145547644 0.3664763340793764 0.16989247311827957 0.07096774193548387
14 0.8481979503194512 0.39607168197056514 0.15483870967741936 0.06666666666666667
14 0.8658963139128666 0.26225540758946314 0.16129032258064516 0.05913978494623656
3 0.8342012692109179 0.14357869582690702 0.041935483870967745 0.026881720430107527
25 0.9685356493455367 0.3873459291188296 0.06236559139784946 0.023655913978494623
12 0.8484034510943645 0.12054222085235497 0.08817204301075268 0.043010752688172046
3 0.7048201885187159 0.05580516543389863 0.021505376344086023 0.015053763440860216
3 0.8934463128515168 0.17835736821652873 0.023655913978494623 0.015053763440860216
3 0.7908319909231656 0.13383886891267144 0.023655913978494623 0.012903225806451613
3 0.914530058831883 0.16907428857401544 0.023655913978494623 0.008602150537634409
3 0.8447197302202628 0.12201080583065387 0.030107526881720432 0.010752688172043012
3 0.8676610001847704 0.12778489379236868 0.023655913978494623 0.010752688172043012
3 0.8914501015108145 0.14882460938222644 0.025806451612903226 0.015053763440860216
3 0.8103609077731005 0.108039570022883 0.043010752688172046 0.023655913978494623
3 0.9323631667023449 0.014377918735929668 0.034408602150537634 0.021505376344086023
49 0.8560267566639234 0.05219554709306599 0.030107526881720432 0.03655913978494624
