12 0.9255611687539318 0.4951364704469228 0.11827956989247312 0.34301075268817205
30 0.8641179954562161 0.4247481456465046 0.10752688172043011 0.1978494623655914
30 0.7527797000941868 0.46794170159638754 0.3655913978494624 0.6817204301075269
3 0.48628252083089407 0.4804322737237122 0.05161290322580645 0.02795698924731183
12 0.4535598705411231 0.32843463773792736 0.05806451612903226 0.03225806451612903
34 0.11188845631668957 0.6301620378732192 0.10967741935483871 0.2086021505376344
34 0.19720153116304392 0.6376178201961876 0.12043010752688173 0.221505376344086
34 0.22016896956173668 0.406737140751257 0.15483870967741936 0.27956989247311825
34 0.1755281317608232 0.37476032313864344 0.14623655913978495 0.2752688172043011
29 0.29544636101407473 0.06272109708439676 0.06451612903225806 0.1010752688172043
29 0.338885222954821 0.07352274798785365 0.08817204301075268 0.14408602150537633
