12 0.8309421318399557 0.12964595950169122 0.05698924731182796 0.2161290322580645
29 0.89721739978179 0.10788591555181332 0.060215053763440864 0.08817204301075268
29 0.86159286503948 0.056886546274402615 0.06774193548387097 0.10215053763440861
29 0.8220871420799977 0.043742097827953776 0.05806451612903226 0.07956989247311828
29 0.6330977937477388 0.6281692027831474 0.053763440860215055 0.06666666666666667
34 0.362595809412259 0.522102351790766 0.23870967741935484 0.09032258064516129
34 0.36771663461085796 0.4790669572595851 0.2731182795698925 0.0989247311827957
34 0.3802935275018077 0.49057979498106247 0.32903225806451614 0.12043010752688173
34 0.5094913878521306 0.39489931117827254 0.32688172043010755 0.11182795698924732
29 0.558148460605312 0.3579644614981252 0.08602150537634409 0.047311827956989246
34 0.41646546546332763 0.3940234504614551 0.13548387096774195 0.05806451612903226
34 0.452102034548769 0.39258044819928856 0.15268817204301074 0.06666666666666667
25 0.09480581643775728 0.27561315896824723 0.03118279569892473 0.02043010752688172
3 0.06792620467124078 0.3404938523773742 0.04516129032258064 0.023655913978494623
14 0.06359121455450822 0.3717068854288359 0.024731182795698924 0.03763440860215054
14 0.04901921993898247 0.31325296562261573 0.060215053763440864 0.04086021505376344
14 0.20586005471133514 0.32530498647408107 0.08387096774193549 0.043010752688172046
14 0.07246897842747188 0.43186815414455776 0.060215053763440864 0.03225806451612903
49 0.2242958948630847 0.24886758792888522 0.07311827956989247 0.03225806451612903
49 0.09673573482388524 0.2961963011429218 0.053763440860215055 0.023655913978494623
49 0.15336172243024637 0.34114154878280417 0.053763440860215055 0.023655913978494623
12 0.2151698171936434 0.33577303516210477 0.06236559139784946 0.02795698924731183
14 0.2196711003590927 0.4063207451818827 0.08387096774193549 0.047311827956989246
3 0.28213196190369244 0.2794694733885703 0.05161290322580645 0.025806451612903226
3 0.3330173449363035 0.34772695660638303 0.05806451612903226 0.030107526881720432
3 0.2804707465639541 0.26944395420438383 0.025806451612903226 0.015053763440860216
49 0.30884745625330856 0.42476289337581113 0.07526881720430108 0.030107526881720432
3 0.27535787568116304 0.03458251823398192 0.016129032258064516 0.016129032258064516
3 0.21522951779917288 0.11455136432385363 0.01827956989247312 0.01827956989247312
3 0.3808267416378557 0.0645281647333694 0.013978494623655914 0.02258064516129032
3 0.3298436535553279 0.04693257674565712 0.01935483870967742 0.030107526881720432
3 0.3130812456734826 0.01701363500011526 0.01935483870967742 0.025806451612903226
3 0.3498497355243241 0.028034609035672307 0.021505376344086023 0.03333333333333333
25 0.32599420628154047 0.018987937956459984 0.026881720430107527 0.035483870967741936
3 0.3199104509455933 0.0638335612849562 0.01935483870967742 0.025806451612903226
3 0.3577136298775311 0.02581191337388261 0.015053763440860216 0.017204301075268817
3 0.08316186470228966 0.06257210156519426 0.015053763440860216 0.017204301075268817
3 0.0366020038229862 0.07308884786375798 0.015053763440860216 0.021505376344086023
3 0.08811135372286827 0.09680243505786187 0.025806451612903226 0.03870967741935484
3 0.15698845621138585 0.06950970134790951 0.021505376344086023 0.030107526881720432
3 0.12417682185626759 0.10377081167932357 0.025806451612903226 0.04086021505376344
3 0.13972352934026602 0.034175045104548094 0.021505376344086023 0.030107526881720432
3 0.1349278334624551 0.08396180375869516 0.02795698924731183 0.043010752688172046
3 0.23871277714422898 0.0450782516352216 0.02795698924731183 0.03870967741935484
3 0.2238374076081367 0.13124387536150334 0.030107526881720432 0.04086021505376344
3 0.28375159326357496 0.06467675865871672 0.008602150537634409 0.01935483870967742
49 0.3366091865200899 0.08540692184966209 0.030107526881720432 0.05161290322580645
25 0.31369511450876697 0.05249940587283044 0.03870967741935484 0.05806451612903226
25 0.3068403846962321 0.08433781927713961 0.034408602150537634 0.06236559139784946
39 0.410362915680698 0.085922057706801 0.02043010752688172 0.03870967741935484
12 0.43813925104418094 0.09600541149178529 0.05161290322580645 0.034408602150537634
25 0.4580363545594993 0.08170491017180123 0.09462365591397849 0.043010752688172046
3 0.30892520648939437 0.03189868937663292 0.08387096774193549 0.03655913978494624
