49 0.8333333333333334 0.546236559139785 0.08817204301075268 0.23655913978494625
5 0.7333333333333333 0.7677419354838709 0.03870967741935484 0.2
25 0.6204301075268818 0.6655913978494624 0.10752688172043011 0.03225806451612903
25 0.7258064516129032 0.5731182795698925 0.060215053763440864 0.14838709677419354
25 0.6634408602150538 0.5602150537634408 0.047311827956989246 0.11397849462365592
25 0.46344086021505376 0.5376344086021505 0.06881720430107527 0.1935483870967742
25 0.34946236559139787 0.5817204301075268 0.03225806451612903 0.08602150537634409
25 0.35698924731182796 0.4956989247311828 0.03225806451612903 0.07956989247311828
12 0.30053763440860215 0.8268817204301075 0.11505376344086021 0.34623655913978496
12 0.21935483870967742 0.6129032258064516 0.11397849462365592 0.30752688172043013
34 0.038172043010752686 0.4112903225806452 0.07419354838709677 0.24838709677419354
25 0.5408602150537635 0.44623655913978494 0.023655913978494623 0.047311827956989246
12 0.1086021505376344 0.4817204301075269 0.08387096774193549 0.17419354838709677
30 0.06236559139784946 0.49032258064516127 0.08602150537634409 0.2064516129032258
14 0.1053763440860215 0.27419354838709675 0.06666666666666667 0.1870967741935484
29 0.07204301075268817 0.21397849462365592 0.02795698924731183 0.07526881720430108
5 0.05268817204301075 0.07634408602150537 0.030107526881720432 0.11182795698924732
14 0.10215053763440861 0.07526881720430108 0.07741935483870968 0.14838709677419354
25 0.7322580645161291 0.16344086021505377 0.14193548387096774 0.043010752688172046
25 0.7387096774193549 0.43333333333333335 0.05161290322580645 0.12903225806451613
25 0.6817204301075269 0.410752688172043 0.04086021505376344 0.13333333333333333
25 0.7451612903225806 0.2075268817204301 0.1053763440860215 0.034408602150537634
25 0.7322580645161291 0.16344086021505377 0.14193548387096774 0.043010752688172046
25 0.7387096774193549 0.12580645161290321 0.13763440860215054 0.03870967741935484
25 0.7419354838709677 0.08924731182795699 0.11827956989247312 0.034408602150537634
3 0.8139784946236559 0.00967741935483871 0.008602150537634409 0.017204301075268817
39 0.36129032258064514 0.06881720430107527 0.025806451612903226 0.047311827956989246
3 0.36236559139784946 0.025268817204301075 0.017204301075268817 0.03978494623655914
25 0.5010752688172043 0.13333333333333333 0.047311827956989246 0.13763440860215054
25 0.4182795698924731 0.31290322580645163 0.034408602150537634 0.05806451612903226
25 0.3301075268817204 0.33225806451612905 0.03225806451612903 0.07956989247311828
25 0.33763440860215055 0.24731182795698925 0.04086021505376344 0.08172043010752689
25 0.4258064516129032 0.22258064516129034 0.03655913978494624 0.1032258064516129
25 0.3473118279569892 0.15376344086021507 0.03655913978494624 0.0989247311827957
