3 0.8092085252613928 0.7560991945979927 0.023655913978494623 0.03225806451612903 0.08235181191173041
29 0.7570066415472165 0.6903792717385706 0.017204301075268817 0.03655913978494624 0.08235181191173041
34 0.8539281090867887 0.8922768468338945 0.06881720430107527 0.21397849462365592 0.08235181191173041
12 0.8265863540502404 0.9057498146656358 0.07956989247311828 0.2989247311827957 0.08235181191173041
34 0.5967933384083374 0.8688963103353639 0.04086021505376344 0.15806451612903225 0.08235181191173041
12 0.5617468908097676 0.8874795065740804 0.04516129032258064 0.12473118279569892 0.08235181191173041
5 0.48517164756255926 0.9295744833090961 0.043010752688172046 0.12473118279569892 0.08235181191173041
14 0.408133574755622 0.8569101596057739 0.0989247311827957 0.15913978494623657 0.08235181191173041
30 0.05983279842190651 0.9188558267797472 0.08064516129032258 0.15161290322580645 0.08235181191173041
29 0.24560701533548765 0.6647074133835638 0.03763440860215054 0.07956989247311828 0.08235181191173041
25 0.12116095838998178 0.7548775107580564 0.017204301075268817 0.08602150537634409 0.08235181191173041
14 0.7538967279894931 0.7149874645307537 0.06559139784946237 0.221505376344086 0.08235181191173041
30 0.677797132621131 0.6573774645266125 0.054838709677419356 0.22473118279569892 0.08235181191173041
49 0.7462060804904558 0.3606578414698411 0.04408602150537634 0.19032258064516128 0.08235181191173041
5 0.5471771862531082 0.5364943998863315 0.047311827956989246 0.0989247311827957 0.08235181191173041
5 0.6325393900004989 0.7834122864280817 0.08817204301075268 0.1870967741935484 0.08235181191173041
5 0.41051245120326063 0.41746659542986186 0.04838709677419355 0.15161290322580645 0.08235181191173041
25 0.18224886178978666 0.6773276593632729 0.11827956989247312 0.03655913978494624 0.08235181191173041
25 0.17522781677876811 0.6222512372828813 0.11827956989247312 0.03655913978494624 0.08235181191173041
25 0.06855505825891735 0.45062642466519787 0.047311827956989246 0.13655913978494624 0.08235181191173041
25 0.07942125106562357 0.49350469491337595 0.07096774193548387 0.15483870967741936 0.08235181191173041
25 0.10828866677609542 0.23067428370801846 0.05591397849462366 0.0989247311827957 0.08235181191173041
25 0.24841927381558995 0.4603833697619023 0.02795698924731183 0.06881720430107527 0.08235181191173041
25 0.27365939285244983 0.287433333246698 0.03870967741935484 0.11182795698924732 0.08235181191173041
