14 0.4208598170057374 0.8658995210379968 0.043010752688172046 0.11182795698924732 0.017463995194923004
25 0.2527577873607776 0.9783380790879491 0.026881720430107527 0.041935483870967745 0.017463995194923004
12 0.5548796844136828 0.8739712310899059 0.15483870967741936 0.23870967741935484 0.017463995194923004
5 0.4152960790094589 0.9344167672296616 0.010752688172043012 0.024731182795698924 0.017463995194923004
30 0.33990441366634555 0.9305481760783023 0.06129032258064516 0.17849462365591398 0.017463995194923004
25 0.9193469030673337 0.2731658242171328 0.030107526881720432 0.05591397849462366 0.017463995194923004
5 0.9769837812692255 0.9219396303589514 0.07419354838709677 0.13548387096774195 0.017463995194923004
25 0.9071815467983142 0.8719180926240889 0.08817204301075268 0.01935483870967742 0.017463995194923004
25 0.9867458460202297 0.7602397159614734 0.02258064516129032 0.08494623655913978 0.017463995194923004
25 0.9270311959100423 0.7564225737209004 0.03225806451612903 0.08172043010752689 0.017463995194923004
25 0.8779435659165893 0.7376362121592369 0.025806451612903226 0.07526881720430108 0.017463995194923004
25 0.961282989140702 0.4348132136970861 0.04516129032258064 0.11182795698924732 0.017463995194923004
25 0.883752357962025 0.4418548369228402 0.047311827956989246 0.11182795698924732 0.017463995194923004
25 0.9693085893657316 0.5262047147384096 0.05806451612903226 0.11827956989247312 0.017463995194923004
25 0.8282827745509168 0.5566335255758277 0.053763440860215055 0.11827956989247312 0.017463995194923004
25 0.8332438341079986 0.7649303894028903 0.03225806451612903 0.09462365591397849 0.017463995194923004
25 0.7385054627018655 0.7556809417267225 0.053763440860215055 0.11182795698924732 0.017463995194923004
25 0.6772488277011949 0.7613120019289161 0.03225806451612903 0.08817204301075268 0.017463995194923004
25 0.6872536398680886 0.6694534814254515 0.05806451612903226 0.05591397849462366 0.017463995194923004
25 0.7002996213106125 0.5745639875285693 0.04086021505376344 0.07741935483870968 0.017463995194923004
25 0.7224910332299485 0.5245658638227414 0.07741935483870968 0.03870967741935484 0.017463995194923004
25 0.7245014111676488 0.4272018467807104 0.08387096774193549 0.021505376344086023 0.017463995194923004
25 0.6444780326810609 0.5276308754511843 0.08172043010752689 0.22365591397849463 0.017463995194923004
25 0.03273863055280225 0.9231334672894097 0.060215053763440864 0.19462365591397848 0.017463995194923004
4 0.12157102033211051 0.9228235873576993 0.06236559139784946 0.1827956989247312 0.017463995194923004
25 0.042564367198687225 0.7306221221953995 0.026881720430107527 0.0978494623655914 0.017463995194923004
25 0.036830732623059186 0.7408751162760614 0.05806451612903226 0.11612903225806452 0.017463995194923004
25 0.1002636704570769 0.7352965111540117 0.047311827956989246 0.11397849462365592 0.017463995194923004
25 0.017096006463368115 0.4576427072395637 0.03225806451612903 0.0989247311827957 0.017463995194923004
25 0.030417070094239714 0.5632273203173769 0.04408602150537634 0.05161290322580645 0.017463995194923004
25 0.07255231113329431 0.47669675066123446 0.06236559139784946 0.13763440860215054 0.017463995194923004
25 0.1692562250348337 0.4620005502142962 0.04516129032258064 0.13333333333333333 0.017463995194923004
25 0.24472535668719103 0.4859757997836713 0.06881720430107527 0.1978494623655914 0.017463995194923004
25 0.23719212314034438 0.2817008537724161 0.07096774193548387 0.15913978494623657 0.017463995194923004
25 0.17852987485721186 0.3047105738128128 0.07526881720430108 0.1956989247311828 0.017463995194923004
25 0.10022704815388518 0.31368648392211024 0.05806451612903226 0.1913978494623656 0.017463995194923004
