49 0.3510752688172043 0.5440860215053763 0.0913978494623656 0.23655913978494625
5 0.8930107526881721 0.6537634408602151 0.02903225806451613 0.06881720430107527
49 0.9516129032258065 0.8139784946236559 0.05591397849462366 0.18494623655913978
12 0.9 0.8505376344086022 0.07526881720430108 0.27956989247311825
12 0.8349462365591398 0.8043010752688172 0.054838709677419356 0.20430107526881722
25 0.7134408602150538 0.7618279569892473 0.05268817204301075 0.1086021505376344
25 0.6553763440860215 0.7758064516129032 0.06344086021505377 0.16666666666666666
5 0.5682795698924731 0.8279569892473119 0.14301075268817204 0.27741935483870966
5 0.25483870967741934 0.7682795698924731 0.034408602150537634 0.1967741935483871
25 0.13978494623655913 0.6666666666666666 0.10967741935483871 0.02795698924731183
25 0.18440860215053764 0.5618279569892473 0.04838709677419355 0.110752688172043
25 0.24408602150537634 0.5736559139784946 0.053763440860215055 0.14516129032258066
25 0.946236559139785 0.625268817204301 0.06236559139784946 0.14946236559139786
25 0.803763440860215 0.6268817204301075 0.03763440860215054 0.0967741935483871
25 0.7311827956989247 0.6026881720430107 0.06236559139784946 0.15591397849462366
25 0.682258064516129 0.6231182795698925 0.03763440860215054 0.1
25 0.6483870967741936 0.6064516129032258 0.04516129032258064 0.10967741935483871
25 0.6112903225806452 0.6005376344086022 0.03763440860215054 0.11290322580645161
39 0.682258064516129 0.4543010752688172 0.07849462365591398 0.05913978494623656
25 0.060215053763440864 0.44623655913978494 0.021505376344086023 0.04516129032258064
5 0.9440860215053763 0.4360215053763441 0.07311827956989247 0.11290322580645161
3 0.9139784946236559 0.443010752688172 0.03225806451612903 0.060215053763440864
25 0.960752688172043 0.3553763440860215 0.05698924731182796 0.07849462365591398
25 0.9548387096774194 0.29301075268817206 0.09032258064516129 0.14301075268817204
25 0.6865591397849462 0.40053763440860213 0.16451612903225807 0.0935483870967742
25 0.696236559139785 0.26881720430107525 0.17096774193548386 0.11182795698924732
25 0.7123655913978495 0.20913978494623656 0.14086021505376345 0.08709677419354839
25 0.7080645161290322 0.13225806451612904 0.16236559139784945 0.1032258064516129
25 0.714516129032258 0.07956989247311828 0.14731182795698924 0.09462365591397849
25 0.7790322580645161 0.046236559139784944 0.046236559139784944 0.09032258064516129
25 0.6940860215053763 0.027419354838709678 0.07849462365591398 0.05268817204301075
25 0.7123655913978495 0.03494623655913978 0.1086021505376344 0.06774193548387097
25 0.023118279569892472 0.1349462365591398 0.04408602150537634 0.13870967741935483
25 0.2510752688172043 0.16666666666666666 0.14301075268817204 0.04516129032258064
25 0.256989247311828 0.43333333333333335 0.053763440860215055 0.13118279569892474
25 0.2 0.4204301075268817 0.043010752688172046 0.15053763440860216
25 0.26505376344086023 0.21129032258064517 0.1086021505376344 0.03763440860215054
25 0.2510752688172043 0.16666666666666666 0.14301075268817204 0.04516129032258064
25 0.2575268817204301 0.12903225806451613 0.13870967741935483 0.04086021505376344
25 0.2618279569892473 0.09301075268817205 0.11935483870967742 0.035483870967741936
