5 0.8829341314775212 0.9702201219691771 0.10215053763440861 0.2064516129032258 0.07230475817981637
12 0.7438615423275202 0.732826175063743 0.08387096774193549 0.12903225806451613 0.07230475817981637
12 0.6577553097239813 0.698822298488177 0.15483870967741936 0.043010752688172046 0.07230475817981637
30 0.2830749967651918 0.791973280651804 0.11612903225806452 0.3720430107526882 0.07230475817981637
49 0.33414364618881587 0.36183585449112343 0.05053763440860215 0.013978494623655914 0.07230475817981637
49 0.34611392398795815 0.573253528078377 0.023655913978494623 0.043010752688172046 0.07230475817981637
5 0.3503669857381756 0.5662243976069029 0.023655913978494623 0.060215053763440864 0.07230475817981637
25 0.907270090521966 0.072429172161408 0.07311827956989247 0.05591397849462366 0.07230475817981637
39 0.8259590642561259 0.018692875722007177 0.05161290322580645 0.03763440860215054 0.07230475817981637
25 0.9436761573294526 0.38648458521800544 0.04086021505376344 0.07741935483870968 0.07230475817981637
25 0.9841156063119809 0.1692170272198419 0.03333333333333333 0.08817204301075268 0.07230475817981637
49 0.8695097438763013 0.3000300324950139 0.010752688172043012 0.015053763440860216 0.07230475817981637
49 0.7955174071955696 0.2962130547262107 0.025806451612903226 0.04516129032258064 0.07230475817981637
12 0.7770682530763531 0.19723659218950976 0.11182795698924732 0.12043010752688173 0.07230475817981637
12 0.7063994373774745 0.4293323967499125 0.15483870967741936 0.03225806451612903 0.07230475817981637
12 0.7339651318451289 0.2136640884281947 0.15483870967741936 0.047311827956989246 0.07230475817981637
49 0.8820610297730884 0.4621841277716646 0.01935483870967742 0.043010752688172046 0.07230475817981637
29 0.879564310197971 0.2944250275983908 0.03655913978494624 0.07741935483870968 0.07230475817981637
25 0.9781906623276219 0.23064447584346612 0.030107526881720432 0.07956989247311828 0.07230475817981637
49 0.8706977974078018 0.16152796517351428 0.03978494623655914 0.08924731182795699 0.07230475817981637
25 0.941096770400656 0.20045089675118194 0.03225806451612903 0.08602150537634409 0.07230475817981637
3 0.9316788608916639 0.00018790409875080183 0.02795698924731183 0.03225806451612903 0.07230475817981637
39 0.870449135549814 0.11430209343902023 0.04086021505376344 0.04086021505376344 0.07230475817981637
3 0.7485651373364763 0.006118831279624551 0.03655913978494624 0.03225806451612903 0.07230475817981637
3 0.7849675930009825 0.043808873159358996 0.04946236559139785 0.04516129032258064 0.07230475817981637
3 0.7754929387348427 0.023196928118313486 0.047311827956989246 0.043010752688172046 0.07230475817981637
49 0.5153294695769829 0.4206800649828403 0.012903225806451613 0.03225806451612903 0.07230475817981637
49 0.3479068833826072 0.33193359246457876 0.017204301075268817 0.04086021505376344 0.07230475817981637
3 0.3361952507619608 0.5265364404895095 0.03118279569892473 0.060215053763440864 0.07230475817981637
30 0.34214085334230926 0.4919449636829689 0.04516129032258064 0.06881720430107527 0.07230475817981637
30 0.23229694715369348 0.41850277104926664 0.05161290322580645 0.07419354838709677 0.07230475817981637
30 0.09877958084892545 0.43639322329011254 0.05591397849462366 0.07956989247311828 0.07230475817981637
3 0.500691310671771 0.31213348986090134 0.034408602150537634 0.047311827956989246 0.07230475817981637
12 0.11901987561406457 0.2691675629154041 0.10967741935483871 0.04946236559139785 0.07230475817981637
