25 0.06075268817204301 0.9838709677419355 0.01827956989247312 0.03225806451612903
5 0.9489247311827957 0.964516129032258 0.04408602150537634 0.07096774193548387
3 0.9150537634408602 0.9774193548387097 0.023655913978494623 0.04516129032258064
25 0.9618279569892473 0.896236559139785 0.05698924731182796 0.07849462365591398
25 0.9553763440860215 0.8333333333333334 0.08924731182795699 0.14193548387096774
25 0.6870967741935484 0.9413978494623656 0.16344086021505377 0.0913978494623656
25 0.6967741935483871 0.8102150537634408 0.16989247311827957 0.110752688172043
25 0.7129032258064516 0.75 0.13978494623655913 0.08709677419354839
25 0.7091397849462365 0.6736559139784947 0.16236559139784945 0.10215053763440861
25 0.7155913978494624 0.621505376344086 0.14731182795698924 0.09462365591397849
25 0.7801075268817205 0.5005376344086021 0.04408602150537634 0.08924731182795699
25 0.6951612903225807 0.48870967741935484 0.07849462365591398 0.05053763440860215
25 0.7129032258064516 0.46774193548387094 0.10752688172043011 0.06666666666666667
25 0.023118279569892472 0.6763440860215054 0.04408602150537634 0.13763440860215054
25 0.037096774193548385 0.4908602150537634 0.06559139784946237 0.21827956989247313
25 0.12258064516129032 0.4258064516129032 0.06666666666666667 0.1978494623655914
25 0.2172043010752688 0.3935483870967742 0.05806451612903226 0.16774193548387098
25 0.2763440860215054 0.44946236559139785 0.06666666666666667 0.15698924731182795
25 0.25268817204301075 0.7080645161290322 0.14193548387096774 0.04408602150537634
25 0.2586021505376344 0.9548387096774194 0.05053763440860215 0.09032258064516129
25 0.20161290322580644 0.9435483870967742 0.041935483870967745 0.11290322580645161
25 0.26559139784946234 0.7521505376344086 0.10752688172043011 0.035483870967741936
25 0.25268817204301075 0.7080645161290322 0.14193548387096774 0.04408602150537634
25 0.2591397849462366 0.6704301075268817 0.13763440860215054 0.03978494623655914
25 0.2623655913978495 0.6338709677419355 0.11827956989247312 0.035483870967741936
