25 0.5428919380096702 0.9922351556722532 0.01935483870967742 0.03333333333333333 0.05458833295690031
12 0.11436487906156978 0.9771691979581757 0.046236559139784944 0.05806451612903226 0.05458833295690031
30 0.07703642506279272 0.9652326447438149 0.05806451612903226 0.06666666666666667 0.05458833295690031
34 0.03180678895722783 0.9238539917255991 0.07311827956989247 0.17204301075268819 0.05458833295690031
14 0.035426435718031 0.829471804210955 0.06666666666666667 0.1870967741935484 0.05458833295690031
29 0.13562419742048298 0.7231697517145206 0.025806451612903226 0.07526881720430108 0.05458833295690031
5 0.036853446273230936 0.6168278904847628 0.02795698924731183 0.11182795698924732 0.05458833295690031
14 0.03220501651945913 0.6556786869375351 0.07526881720430108 0.14838709677419354 0.05458833295690031
3 0.09738765177032452 0.489558901287836 0.012903225806451613 0.015053763440860216 0.05458833295690031
25 0.7495114641339554 0.683359401122727 0.14193548387096774 0.043010752688172046 0.05458833295690031
3 0.05187861638301622 0.49485149669514417 0.01935483870967742 0.030107526881720432 0.05458833295690031
3 0.09464078559670487 0.33759295806824524 0.011827956989247311 0.026881720430107527 0.05458833295690031
12 0.12498606426508677 0.4984178211396144 0.07311827956989247 0.053763440860215055 0.05458833295690031
25 0.00017799910393923035 0.3471231429316176 0.01827956989247312 0.06236559139784946 0.05458833295690031
25 0.7099815966885196 0.9198151226561184 0.046236559139784944 0.09247311827956989 0.05458833295690031
25 0.6888767053751526 0.9419958288377497 0.04946236559139785 0.11397849462365592 0.05458833295690031
25 0.6915352454168188 0.7777039344324523 0.1053763440860215 0.034408602150537634 0.05458833295690031
25 0.7312990233522622 0.7130737607663208 0.13978494623655913 0.04086021505376344 0.05458833295690031
25 0.7602493193944007 0.6492885080521758 0.13548387096774195 0.03870967741935484 0.05458833295690031
25 0.6275806904428809 0.6684477005651736 0.11612903225806452 0.03225806451612903 0.05458833295690031
25 0.7546745457640629 0.4833355882742091 0.060215053763440864 0.15698924731182795 0.05458833295690031
3 0.8478630403713121 0.40563171094165057 0.016129032258064516 0.035483870967741936 0.05458833295690031
39 0.3561484413652964 0.6281492142785092 0.023655913978494623 0.047311827956989246 0.05458833295690031
3 0.3464171749161389 0.6000534055369954 0.017204301075268817 0.03978494623655914 0.05458833295690031
25 0.8509645760459003 0.40913001182982944 0.05161290322580645 0.13333333333333333 0.05458833295690031
25 0.6162945310416984 0.3322735096612851 0.03225806451612903 0.05161290322580645 0.05458833295690031
25 0.6524672598115849 0.4207725653423256 0.05806451612903226 0.16774193548387098 0.05458833295690031
25 0.7855137064937914 0.4580514120576516 0.05806451612903226 0.15698924731182795 0.05458833295690031
25 0.6202208441697608 0.4327744167521972 0.05806451612903226 0.1935483870967742 0.05458833295690031
25 0.5610026442092425 0.49295909695907736 0.07096774193548387 0.221505376344086 0.05458833295690031
25 0.4693962665652168 0.6578506788733729 0.047311827956989246 0.13763440860215054 0.05458833295690031
25 0.38694587889837695 0.8313090925407365 0.03225806451612903 0.05591397849462366 0.05458833295690031
25 0.34306874063375536 0.8977421225551264 0.03225806451612903 0.07741935483870968 0.05458833295690031
25 0.3314035805501922 0.7059361364089237 0.03870967741935484 0.08172043010752689 0.05458833295690031
25 0.42994136927290283 0.7471454570527696 0.03655913978494624 0.1032258064516129 0.05458833295690031
25 0.3566765210861642 0.7073405082565101 0.03655913978494624 0.0989247311827957 0.05458833295690031
25 0.41765410541298287 0.3980077746653981 0.025806451612903226 0.06236559139784946 0.05458833295690031
25 0.3841802316741636 0.3833230592772572 0.030107526881720432 0.07956989247311828 0.05458833295690031
25 0.4038226680923181 0.40010875241371074 0.030107526881720432 0.07526881720430108 0.05458833295690031
25 0.34786653425416436 0.548552566247617 0.047311827956989246 0.1053763440860215 0.05458833295690031
