25 0.05224583281261247 0.4750434964040949 0.07096774193548387 0.021505376344086023 0.03867254503700808
30 0.34459102324332247 0.7402759223310101 0.08817204301075268 0.30752688172043013 0.03867254503700808
29 0.3810497480500244 0.6825575235056154 0.023655913978494623 0.04516129032258064 0.03867254503700808
14 0.5035317171281368 0.3067212651233698 0.043010752688172046 0.11397849462365592 0.03867254503700808
12 0.9451506710651425 0.7868897165285864 0.024731182795698924 0.1774193548387097 0.03867254503700808
25 0.223242235506245 0.01382797536516743 0.047311827956989246 0.034408602150537634 0.03867254503700808
25 0.022414673204262443 0.01746913897340646 0.04086021505376344 0.03763440860215054 0.03867254503700808
25 0.23104112041824798 0.44823093218142834 0.03225806451612903 0.06236559139784946 0.03867254503700808
12 0.5404865896382118 0.37705482514927446 0.15483870967741936 0.24086021505376345 0.03867254503700808
5 0.40609326228214637 0.39985445384816326 0.010752688172043012 0.024731182795698924 0.03867254503700808
30 0.3349192494911267 0.45394109305186736 0.07741935483870968 0.3053763440860215 0.03867254503700808
5 0.9150949215350886 0.5303030375401053 0.06881720430107527 0.33978494623655914 0.03867254503700808
25 0.8962682758853591 0.28701483404558054 0.08817204301075268 0.01935483870967742 0.03867254503700808
25 0.9142745607733966 0.20424614532882135 0.03225806451612903 0.08387096774193549 0.03867254503700808
25 0.8887986036734172 0.2137997594493034 0.02795698924731183 0.07526881720430108 0.03867254503700808
25 0.9282911198507143 0.08085880493747277 0.04516129032258064 0.11182795698924732 0.03867254503700808
25 0.8312843910275949 0.04638390392263897 0.053763440860215055 0.11827956989247312 0.03867254503700808
25 0.7588345710143027 0.20438679470141763 0.034408602150537634 0.09462365591397849 0.03867254503700808
25 0.7393706414075695 0.2223618339419695 0.053763440860215055 0.11182795698924732 0.03867254503700808
25 0.6734325762495095 0.2118553310458566 0.03225806451612903 0.08817204301075268 0.03867254503700808
25 0.6933081387306443 0.13170153070402013 0.060215053763440864 0.05806451612903226 0.03867254503700808
25 0.704738034884837 0.01623577073507 0.043010752688172046 0.07741935483870968 0.03867254503700808
25 0.03289383552095464 0.3764371570724964 0.060215053763440864 0.21505376344086022 0.03867254503700808
4 0.10738010913250598 0.3726758385445864 0.06451612903225806 0.18494623655913978 0.03867254503700808
25 0.012575390647725119 0.1831439082950214 0.02795698924731183 0.0978494623655914 0.03867254503700808
25 0.020910396187335555 0.1676769429339483 0.060215053763440864 0.11612903225806452 0.03867254503700808
25 0.10866229993023262 0.20904752101197407 0.04946236559139785 0.11612903225806452 0.03867254503700808
