25 0.9458015820749601 0.9323567241473956 0.04086021505376344 0.07741935483870968 0.011380757043807324
25 0.991751155444787 0.45985733810536467 0.01827956989247312 0.1 0.011380757043807324
25 0.9832717117255003 0.7107252459683435 0.03333333333333333 0.08817204301075268 0.011380757043807324
49 0.8060439468435375 0.8504579878908559 0.010752688172043012 0.015053763440860216 0.011380757043807324
49 0.8315976311243342 0.8807524619622273 0.023655913978494623 0.043010752688172046 0.011380757043807324
12 0.7415883442068848 0.9286693667071775 0.10967741935483871 0.11827956989247312 0.011380757043807324
12 0.7481822831530344 0.8478622203390889 0.15268817204301074 0.03225806451612903 0.011380757043807324
12 0.7504000670196395 0.8078928601004545 0.15483870967741936 0.04516129032258064 0.011380757043807324
49 0.9121757488989489 0.9618974251336182 0.01935483870967742 0.043010752688172046 0.011380757043807324
29 0.9147116607609221 0.8971254816946911 0.034408602150537634 0.07741935483870968 0.011380757043807324
25 0.9345513844576355 0.7721739714409498 0.02795698924731183 0.07741935483870968 0.011380757043807324
49 0.841370122000668 0.6925200140589386 0.03978494623655914 0.08924731182795699 0.011380757043807324
25 0.9212118710404759 0.6772829773875872 0.030107526881720432 0.08387096774193549 0.011380757043807324
3 0.9650472374355951 0.591099705581405 0.02795698924731183 0.030107526881720432 0.011380757043807324
5 0.9315177647348947 0.5674644669290884 0.07956989247311828 0.08817204301075268 0.011380757043807324
25 0.935575414441387 0.5200951198042069 0.08172043010752689 0.08172043010752689 0.011380757043807324
25 0.9422798607423906 0.392285039995344 0.02795698924731183 0.07311827956989247 0.011380757043807324
25 0.9269508866868759 0.4110208706338148 0.03225806451612903 0.07526881720430108 0.011380757043807324
39 0.8099011012744695 0.6347120230694435 0.03870967741935484 0.03870967741935484 0.011380757043807324
3 0.8102670972883375 0.6001519761396605 0.03655913978494624 0.030107526881720432 0.011380757043807324
3 0.8173694729323832 0.6157197062555039 0.047311827956989246 0.043010752688172046 0.011380757043807324
3 0.8213407015891935 0.5918255776462055 0.047311827956989246 0.043010752688172046 0.011380757043807324
39 0.813891576482259 0.5630454384380944 0.05806451612903226 0.06666666666666667 0.011380757043807324
49 0.7914994613942001 0.5266449977583961 0.023655913978494623 0.03870967741935484 0.011380757043807324
49 0.7845639019261829 0.4861085340140581 0.01935483870967742 0.034408602150537634 0.011380757043807324
49 0.7470132910290838 0.4551744217761021 0.1010752688172043 0.02795698924731183 0.011380757043807324
3 0.7896081466795078 0.42195234079419075 0.03870967741935484 0.030107526881720432 0.011380757043807324
25 0.8398509139546109 0.4621961649826635 0.043010752688172046 0.07096774193548387 0.011380757043807324
49 0.3647693552472963 0.9818731618796888 0.012903225806451613 0.03225806451612903 0.011380757043807324
49 0.34753095846097126 0.9785737923091468 0.017204301075268817 0.04086021505376344 0.011380757043807324
3 0.26253439727714806 0.9739735141509822 0.03118279569892473 0.060215053763440864 0.011380757043807324
30 0.24909550303128564 0.9645478374202208 0.04516129032258064 0.06881720430107527 0.011380757043807324
30 0.20966112586253657 0.9649376484892291 0.05161290322580645 0.07419354838709677 0.011380757043807324
30 0.19206942112191347 0.9540853989518107 0.053763440860215055 0.07956989247311828 0.011380757043807324
3 0.35661846324303137 0.8361385286546524 0.03225806451612903 0.04516129032258064 0.011380757043807324
12 0.19009763796614565 0.781566094458573 0.10752688172043011 0.047311827956989246 0.011380757043807324
