30 0.07419354838709677 0.7236559139784946 0.04946236559139785 0.1827956989247312
12 0.025806451612903226 0.75 0.04946236559139785 0.2849462365591398
12 0.4483870967741935 0.7698924731182796 0.11612903225806452 0.2645161290322581
12 0.37526881720430105 0.7612903225806451 0.0989247311827957 0.24301075268817204
29 0.06774193548387097 0.5290322580645161 0.05806451612903226 0.15053763440860216
14 0.22043010752688172 0.5795698924731183 0.09462365591397849 0.26881720430107525
12 0.3258064516129032 0.5440860215053763 0.047311827956989246 0.14408602150537633
29 0.3956989247311828 0.5301075268817205 0.05161290322580645 0.1053763440860215
25 0.45268817204301076 0.5494623655913978 0.08602150537634409 0.1913978494623656
25 0.5311827956989247 0.5473118279569893 0.08387096774193549 0.16989247311827957
25 0.5924731182795699 0.578494623655914 0.08387096774193549 0.16774193548387098
29 0.5817204301075268 0.7505376344086021 0.047311827956989246 0.08387096774193549
29 0.5483870967741935 0.8462365591397849 0.060215053763440864 0.1053763440860215
29 0.632258064516129 0.8569892473118279 0.07096774193548387 0.12043010752688173
29 0.6763440860215054 0.6946236559139785 0.05806451612903226 0.1010752688172043
29 0.6989247311827957 0.5967741935483871 0.04086021505376344 0.07096774193548387
12 0.7430107526881721 0.5387096774193548 0.02795698924731183 0.05591397849462366
5 0.015053763440860216 0.5623655913978495 0.02795698924731183 0.06881720430107527
5 0.01935483870967742 0.4935483870967742 0.025806451612903226 0.05161290322580645
25 0.28225806451612906 0.06720430107526881 0.1086021505376344 0.13225806451612904
12 0.7311827956989247 0.4752688172043011 0.043010752688172046 0.07956989247311828
3 0.7989247311827957 0.4043010752688172 0.015053763440860216 0.025806451612903226
3 0.7817204301075269 0.4053763440860215 0.021505376344086023 0.043010752688172046
3 0.7645161290322581 0.4064516129032258 0.025806451612903226 0.04946236559139785
25 0.7462365591397849 0.4064516129032258 0.02795698924731183 0.04946236559139785
25 0.7838709677419354 0.3741935483870968 0.07311827956989247 0.023655913978494623
12 0.7870967741935484 0.35698924731182796 0.07311827956989247 0.023655913978494623
25 0.7989247311827957 0.3301075268817204 0.07526881720430108 0.023655913978494623
25 0.8043010752688172 0.3086021505376344 0.07096774193548387 0.021505376344086023
49 0.8365591397849462 0.2021505376344086 0.034408602150537634 0.06236559139784946
49 0.8129032258064516 0.2021505376344086 0.02795698924731183 0.05806451612903226
3 0.12258064516129032 0.44408602150537635 0.010752688172043012 0.015053763440860216
25 0.4268817204301075 0.21505376344086022 0.053763440860215055 0.07956989247311828
25 0.36129032258064514 0.25268817204301075 0.06236559139784946 0.14623655913978495
25 0.4075268817204301 0.13870967741935483 0.13333333333333333 0.05591397849462366
25 0.6 0.43870967741935485 0.13763440860215054 0.03655913978494624
25 0.5666666666666667 0.3903225806451613 0.2623655913978495 0.06236559139784946
25 0.5967741935483871 0.34086021505376346 0.2 0.04946236559139785
25 0.6225806451612903 0.2956989247311828 0.14193548387096774 0.03655913978494624
25 0.6344086021505376 0.24086021505376345 0.18064516129032257 0.03870967741935484
25 0.6731182795698925 0.1774193548387097 0.12258064516129032 0.034408602150537634
25 0.6913978494623656 0.15161290322580645 0.10967741935483871 0.030107526881720432
25 0.6881720430107527 0.12258064516129032 0.13978494623655913 0.03870967741935484
25 0.7053763440860215 0.06236559139784946 0.12258064516129032 0.03225806451612903
25 0.7075268817204301 0.03118279569892473 0.15698924731182795 0.034408602150537634
49 0.2860215053763441 0.42473118279569894 0.03225806451612903 0.06236559139784946
49 0.2913978494623656 0.3709677419354839 0.021505376344086023 0.04516129032258064
5 0.26505376344086023 0.3736559139784946 0.03333333333333333 0.0978494623655914
39 0.2349462365591398 0.36612903225806454 0.02258064516129032 0.054838709677419356
25 0.2053763440860215 0.3634408602150538 0.034408602150537634 0.11827956989247312
5 0.06666666666666667 0.3365591397849462 0.06881720430107527 0.1010752688172043
25 0.08279569892473118 0.2591397849462366 0.060215053763440864 0.08172043010752689
25 0.07741935483870968 0.1978494623655914 0.10967741935483871 0.15913978494623657
25 0.25268817204301075 0.28817204301075267 0.11827956989247312 0.13118279569892474
25 0.2645161290322581 0.2 0.1032258064516129 0.05806451612903226
25 0.26881720430107525 0.16559139784946236 0.12043010752688173 0.06451612903225806
3 0.3741935483870968 0.023655913978494623 0.023655913978494623 0.043010752688172046
3 0.035483870967741936 0.34516129032258064 0.034408602150537634 0.06666666666666667
3 0.06774193548387097 0.030107526881720432 0.030107526881720432 0.05591397849462366
3 0.10967741935483871 0.02258064516129032 0.023655913978494623 0.04086021505376344
