12 0.73446578124404 0.8703185236079872 0.03118279569892473 0.01827956989247312
3 0.7458612118615884 0.7928903996643961 0.013978494623655914 0.024731182795698924
3 0.7855022718001002 0.8899498638347089 0.01935483870967742 0.04408602150537634
3 0.9722375362784803 0.957374111138645 0.023655913978494623 0.046236559139784944
25 0.6016028935318748 0.8198632995962841 0.02795698924731183 0.04838709677419355
25 0.7235589512243222 0.8029698545440452 0.07096774193548387 0.023655913978494623
12 0.6467817422187496 0.9349756432580785 0.07096774193548387 0.02258064516129032
25 0.7554891642405264 0.8404472743168115 0.07419354838709677 0.021505376344086023
25 0.6143290488638058 0.9554993949530697 0.06881720430107527 0.02043010752688172
49 0.8478294861269798 0.7354131134552269 0.03333333333333333 0.06236559139784946
49 0.7840520954258581 0.6064287967018946 0.025806451612903226 0.05806451612903226
3 0.12023328140882943 0.9093965577294841 0.00967741935483871 0.012903225806451613
25 0.4541048893146917 0.8287278849856101 0.05053763440860215 0.07741935483870968
25 0.3377710242608626 0.8181136987835453 0.06129032258064516 0.14731182795698924
25 0.548985405107443 0.4356608869801237 0.13225806451612904 0.05591397849462366
25 0.544647364447638 0.9467702539070547 0.13655913978494624 0.035483870967741936
25 0.5173316452771337 0.7296849098240764 0.26021505376344084 0.060215053763440864
25 0.5805702042465458 0.9393653118662046 0.2 0.04838709677419355
25 0.7342331562444933 0.8541061448683444 0.14086021505376345 0.035483870967741936
25 0.8375710580283211 0.448367908557712 0.1774193548387097 0.03870967741935484
25 0.5292369494561026 0.6841775107639206 0.12150537634408602 0.03225806451612903
25 0.524458066210228 0.6012482194302986 0.10752688172043011 0.030107526881720432
25 0.6774268562843959 0.7357230573050422 0.13763440860215054 0.03655913978494624
25 0.5760417808572023 0.6307017510802838 0.12043010752688173 0.03118279569892473
25 0.6743781549574289 0.5554490626077166 0.15591397849462366 0.034408602150537634
25 0.7360370566396024 0.561935109180338 0.14301075268817204 0.03978494623655914
25 0.764448427699235 0.5178603979850954 0.14731182795698924 0.03870967741935484
25 0.8748080814969242 0.5204194758575557 0.11397849462365592 0.05591397849462366
25 0.8819224544827713 0.4724918753612984 0.03225806451612903 0.043010752688172046
25 0.8439985104041163 0.43551450277962667 0.041935483870967745 0.07634408602150537
25 0.7199081431990938 0.5589953573607501 0.03655913978494624 0.06129032258064516
25 0.9098928832899704 0.22237534996933594 0.053763440860215055 0.054838709677419356
25 0.6192544495280276 0.5417744367848218 0.07634408602150537 0.0935483870967742
25 0.7988444490326323 0.5091856567037882 0.05913978494623656 0.07204301075268817
25 0.7398121940465732 0.41927930258626445 0.06559139784946237 0.10752688172043011
25 0.35559403077614893 0.679694373146235 0.04086021505376344 0.07096774193548387
25 0.6483079693317845 0.37650344770515687 0.041935483870967745 0.07741935483870968
25 0.4979203013567296 0.49227444557027006 0.07956989247311828 0.20430107526881722
34 0.3897980524706692 0.4255112973561831 0.11505376344086021 0.32365591397849464
49 0.2599178499139066 0.9570455261227938 0.03333333333333333 0.06344086021505377
49 0.28275797407989534 0.8722891885864095 0.01935483870967742 0.04408602150537634
5 0.26170209688477913 0.8978506971543716 0.03333333333333333 0.0978494623655914
39 0.09366761162750936 0.8839172597831689 0.02258064516129032 0.054838709677419356
25 0.03877167842940224 0.7484023581418044 0.034408602150537634 0.11720430107526882
5 0.12510903988102476 0.8362273252536018 0.06774193548387097 0.1
25 0.0538083057389627 0.910297313916436 0.05913978494623656 0.08172043010752689
25 0.15132012351901342 0.729333436370848 0.10752688172043011 0.15591397849462366
25 0.2527003359474299 0.9077676039389317 0.11827956989247312 0.13118279569892474
25 0.23200129082513363 0.6869346423442949 0.10215053763440861 0.05591397849462366
25 0.6268359185715688 0.7861317826956691 0.12043010752688173 0.06344086021505377
25 0.35485447219270677 0.816061676047627 0.12580645161290321 0.15698924731182795
25 0.34584198958289025 0.49844589233857045 0.06451612903225806 0.14838709677419354
25 0.09927393172730989 0.3523090478962203 0.03333333333333333 0.05806451612903226
25 0.055199044631028635 0.4730467133269623 0.035483870967741936 0.08172043010752689
25 0.29270872363616585 0.5455535687259894 0.05053763440860215 0.14516129032258066
25 0.16483007462519433 0.43873344820420396 0.034408602150537634 0.10752688172043011
3 0.394292308734088 0.332248671710981 0.024731182795698924 0.04086021505376344
3 0.05291935492496094 0.9360928419178686 0.03333333333333333 0.06451612903225806
3 0.08641975986148966 0.3254997574650329 0.030107526881720432 0.05698924731182796
3 0.1034468351226749 0.6933066431897532 0.023655913978494623 0.03978494623655914
3 0.10575483225985942 0.18298318335245972 0.02795698924731183 0.060215053763440864
