3 0.8580978703951468 0.3503996771511506 0.012903225806451613 0.01935483870967742 0.0953900000201783
3 0.9860614776919494 0.6230605074469251 0.008602150537634409 0.017204301075268817 0.0953900000201783
3 0.9944746980327897 0.62707747564601 0.015053763440860216 0.02795698924731183 0.0953900000201783
3 0.9489737878998776 0.6347746326294014 0.015053763440860216 0.017204301075268817 0.0953900000201783
3 0.9838784600531427 0.5866340624299121 0.010752688172043012 0.025806451612903226 0.0953900000201783
25 0.9957538636676802 0.6096804156215498 0.021505376344086023 0.034408602150537634 0.0953900000201783
25 0.9064191645891307 0.5909419523177702 0.023655913978494623 0.034408602150537634 0.0953900000201783
25 0.8350057598582171 0.5737930587166049 0.023655913978494623 0.034408602150537634 0.0953900000201783
3 0.8675732906746978 0.7464022541963891 0.034408602150537634 0.01935483870967742 0.0953900000201783
3 0.9171954634019914 0.605091108716529 0.01935483870967742 0.021505376344086023 0.0953900000201783
3 0.8345394535416236 0.5752660318350328 0.025806451612903226 0.030107526881720432 0.0953900000201783
3 0.8462453783760686 0.6103454154070052 0.025806451612903226 0.02795698924731183 0.0953900000201783
3 0.8297821196526552 0.609935365284543 0.01935483870967742 0.01935483870967742 0.0953900000201783
3 0.7969002895468017 0.6047017010716464 0.030107526881720432 0.03225806451612903 0.0953900000201783
5 0.7563662891844969 0.6578380594709952 0.023655913978494623 0.023655913978494623 0.0953900000201783
3 0.8598586529391966 0.6430515046965897 0.025806451612903226 0.021505376344086023 0.0953900000201783
3 0.833746153283154 0.6355632972276664 0.015053763440860216 0.017204301075268817 0.0953900000201783
3 0.7703611130823419 0.6214904194558254 0.021505376344086023 0.021505376344086023 0.0953900000201783
3 0.8656551221047273 0.6948401290799717 0.015053763440860216 0.01935483870967742 0.0953900000201783
3 0.853304861282486 0.7065393710044162 0.017204301075268817 0.021505376344086023 0.0953900000201783
3 0.8335298031779454 0.7131265864620395 0.015053763440860216 0.01935483870967742 0.0953900000201783
3 0.8828223949895323 0.6923731837425499 0.012903225806451613 0.017204301075268817 0.0953900000201783
3 0.7677636353819013 0.6494252114991637 0.012903225806451613 0.021505376344086023 0.0953900000201783
3 0.4996991539751576 0.7288421786421933 0.025806451612903226 0.023655913978494623 0.0953900000201783
3 0.4685326371242737 0.8273184250579632 0.04516129032258064 0.03225806451612903 0.0953900000201783
3 0.5701120080319517 0.8120924003270583 0.02795698924731183 0.034408602150537634 0.0953900000201783
3 0.5599417239610777 0.7389930011976542 0.017204301075268817 0.021505376344086023 0.0953900000201783
3 0.5731316052677035 0.7496783424677385 0.03655913978494624 0.04516129032258064 0.0953900000201783
3 0.5224338706616614 0.6776228863420759 0.01935483870967742 0.025806451612903226 0.0953900000201783
3 0.6136100191804951 0.5874059994700356 0.01935483870967742 0.025806451612903226 0.0953900000201783
25 0.5183683466025895 0.6555463684240185 0.02795698924731183 0.04086021505376344 0.0953900000201783
3 0.6436831380017471 0.7909813796068584 0.025806451612903226 0.03655913978494624 0.0953900000201783
3 0.6434987195618639 0.7397879666469791 0.02795698924731183 0.03225806451612903 0.0953900000201783
3 0.5154957683694585 0.7091965267831254 0.03655913978494624 0.043010752688172046 0.0953900000201783
3 0.6497813403801986 0.764753755766295 0.030107526881720432 0.034408602150537634 0.0953900000201783
3 0.6642315436770465 0.7045953215913396 0.030107526881720432 0.03870967741935484 0.0953900000201783
3 0.8199302594706324 0.6903222152739843 0.015053763440860216 0.017204301075268817 0.0953900000201783
3 0.7198340296936386 0.7410340148912854 0.015053763440860216 0.021505376344086023 0.0953900000201783
3 0.5356007750944103 0.7368512459931763 0.023655913978494623 0.021505376344086023 0.0953900000201783
3 0.6014470952450228 0.7512729588334078 0.02795698924731183 0.02795698924731183 0.0953900000201783
3 0.5478177760125429 0.7002554388304655 0.021505376344086023 0.01935483870967742 0.0953900000201783
3 0.5639370696569299 0.6700376542121486 0.02795698924731183 0.02795698924731183 0.0953900000201783
3 0.6242152614690241 0.6967973641648852 0.025806451612903226 0.023655913978494623 0.0953900000201783
3 0.5903636037854537 0.7056245191915151 0.030107526881720432 0.02795698924731183 0.0953900000201783
3 0.6108271765924221 0.6713073998279723 0.023655913978494623 0.025806451612903226 0.0953900000201783
3 0.632049310687349 0.877482754339048 0.023655913978494623 0.023655913978494623 0.0953900000201783
3 0.5276127688956928 0.7162897214123121 0.01935483870967742 0.01935483870967742 0.0953900000201783
3 0.6247784694029115 0.6250125498798492 0.025806451612903226 0.034408602150537634 0.0953900000201783
3 0.7419502291121567 0.701502500811535 0.017204301075268817 0.021505376344086023 0.0953900000201783
3 0.5902361629472372 0.6736188654327095 0.015053763440860216 0.023655913978494623 0.0953900000201783
3 0.6256408300948229 0.6310909714319145 0.025806451612903226 0.03870967741935484 0.0953900000201783
3 0.6639723506711951 0.6383948089631628 0.030107526881720432 0.04086021505376344 0.0953900000201783
39 0.6977148965899888 0.6879006535058617 0.023655913978494623 0.03225806451612903 0.0953900000201783
3 0.671847031572336 0.7055335922392141 0.021505376344086023 0.030107526881720432 0.0953900000201783
29 0.338351909966195 0.9185947111355716 0.047311827956989246 0.07526881720430108 0.0953900000201783
30 0.1041136432504944 0.6642019480174859 0.1010752688172043 0.16559139784946236 0.0953900000201783
30 0.13853868635605746 0.7643430548735854 0.12688172043010754 0.21935483870967742 0.0953900000201783
14 0.2894771470560689 0.7244803235696032 0.12903225806451613 0.21935483870967742 0.0953900000201783
30 0.46243367136109803 0.9634950498678068 0.06451612903225806 0.09462365591397849 0.0953900000201783
30 0.2974598123511317 0.8288102430855373 0.08387096774193549 0.13118279569892474 0.0953900000201783
3 0.1372137434701768 0.517159994243138 0.053763440860215055 0.017204301075268817 0.0953900000201783
3 0.13701198902001177 0.49121074656666086 0.06451612903225806 0.017204301075268817 0.0953900000201783
49 0.11742106944194028 0.47013683162598163 0.07741935483870968 0.025806451612903226 0.0953900000201783
49 0.16704662992793418 0.4463571365720679 0.06236559139784946 0.02795698924731183 0.0953900000201783
39 0.14352875578900687 0.5314213443647234 0.047311827956989246 0.021505376344086023 0.0953900000201783
3 0.1765206470850211 0.6415455718322325 0.025806451612903226 0.023655913978494623 0.0953900000201783
3 0.3206489576688398 0.7550120720148621 0.025806451612903226 0.015053763440860216 0.0953900000201783
3 0.37482080296566833 0.7642393285184385 0.025806451612903226 0.017204301075268817 0.0953900000201783
3 0.37809836049134027 0.7704191674833857 0.025806451612903226 0.015053763440860216 0.0953900000201783
3 0.3757401461603738 0.7499448850926494 0.023655913978494623 0.015053763440860216 0.0953900000201783
3 0.3332669584678367 0.7590794647959924 0.025806451612903226 0.012903225806451613 0.0953900000201783
3 0.3125987415270601 0.7217156545470855 0.04946236559139785 0.030107526881720432 0.0953900000201783
3 0.23362121530512417 0.7532495303854306 0.047311827956989246 0.023655913978494623 0.0953900000201783
3 0.23892858116382315 0.6015984827481043 0.03225806451612903 0.023655913978494623 0.0953900000201783
39 0.19654710825592003 0.6318947493120033 0.07526881720430108 0.043010752688172046 0.0953900000201783
3 0.5299122802054947 0.5331432649261525 0.010752688172043012 0.01935483870967742 0.0953900000201783
3 0.46115447969699186 0.6473936357890556 0.017204301075268817 0.01935483870967742 0.0953900000201783
3 0.42363840542992537 0.5289977641706515 0.017204301075268817 0.023655913978494623 0.0953900000201783
3 0.4693211307840742 0.5353624640671959 0.015053763440860216 0.023655913978494623 0.0953900000201783
3 0.4098017351148344 0.5489965377687237 0.012903225806451613 0.021505376344086023 0.0953900000201783
3 0.44845811664247365 0.5681111914852618 0.015053763440860216 0.025806451612903226 0.0953900000201783
3 0.44981626429855537 0.5383071112832656 0.010752688172043012 0.021505376344086023 0.0953900000201783
3 0.47932103711712903 0.49151754884039056 0.01935483870967742 0.023655913978494623 0.0953900000201783
3 0.5170070359820705 0.4882938397085547 0.010752688172043012 0.017204301075268817 0.0953900000201783
3 0.5669534813412963 0.40892804510469244 0.010752688172043012 0.017204301075268817 0.0953900000201783
3 0.6029313591701305 0.3998022635028386 0.012903225806451613 0.017204301075268817 0.0953900000201783
3 0.503294456641618 0.5341160276256359 0.01935483870967742 0.02795698924731183 0.0953900000201783
3 0.5698009819194438 0.4832163801978572 0.015053763440860216 0.02795698924731183 0.0953900000201783
3 0.5433798808403311 0.6543500542694217 0.012903225806451613 0.017204301075268817 0.0953900000201783
3 0.6148075827877153 0.5409197799948036 0.017204301075268817 0.025806451612903226 0.0953900000201783
3 0.5968800565361844 0.484877751406742 0.017204301075268817 0.021505376344086023 0.0953900000201783
3 0.6501290554213706 0.4727707380815919 0.017204301075268817 0.01935483870967742 0.0953900000201783
3 0.6386586669538713 0.454255087933748 0.012903225806451613 0.023655913978494623 0.0953900000201783
3 0.7463582344302764 0.49074221645256594 0.021505376344086023 0.008602150537634409 0.0953900000201783
3 0.7551775702936646 0.6182041342700106 0.012903225806451613 0.021505376344086023 0.0953900000201783
3 0.6583102814578383 0.463812251298976 0.012903225806451613 0.023655913978494623 0.0953900000201783
3 0.5342117880992475 0.6195800105300785 0.021505376344086023 0.010752688172043012 0.0953900000201783
39 0.6503870715445625 0.5443286120313133 0.021505376344086023 0.010752688172043012 0.0953900000201783
3 0.6398881512950166 0.5524300471477319 0.021505376344086023 0.010752688172043012 0.0953900000201783
3 0.6166675968203933 0.4999202373651167 0.01935483870967742 0.010752688172043012 0.0953900000201783
3 0.6541736517362601 0.5020054122084016 0.023655913978494623 0.012903225806451613 0.0953900000201783
3 0.7753814256551189 0.4687936764739933 0.021505376344086023 0.010752688172043012 0.0953900000201783
3 0.7492212066451027 0.46716162592413135 0.01935483870967742 0.010752688172043012 0.0953900000201783
3 0.6373192290391607 0.522251315540429 0.023655913978494623 0.012903225806451613 0.0953900000201783
3 0.6095221908139846 0.5249031950117508 0.02795698924731183 0.015053763440860216 0.0953900000201783
3 0.6296792729855327 0.4707158875463898 0.025806451612903226 0.015053763440860216 0.0953900000201783
3 0.5117338502443355 0.5062605528715238 0.025806451612903226 0.012903225806451613 0.0953900000201783
3 0.5896844040309126 0.5168519284918915 0.025806451612903226 0.012903225806451613 0.0953900000201783
3 0.7628249356182868 0.5567163632253485 0.023655913978494623 0.012903225806451613 0.0953900000201783
3 0.5125272431734693 0.6462312338776139 0.023655913978494623 0.012903225806451613 0.0953900000201783
3 0.6981766070750121 0.7565090951412331 0.021505376344086023 0.015053763440860216 0.0953900000201783
39 0.7301156767605529 0.5498882679501199 0.015053763440860216 0.01935483870967742 0.0953900000201783
3 0.39888816743927386 0.7855881748758683 0.021505376344086023 0.023655913978494623 0.0953900000201783
3 0.39245935936144044 0.5860412123551536 0.015053763440860216 0.017204301075268817 0.0953900000201783
3 0.39544011912506766 0.720057808110313 0.017204301075268817 0.01935483870967742 0.0953900000201783
3 0.41892389600465135 0.7517688084970469 0.01935483870967742 0.021505376344086023 0.0953900000201783
3 0.4632658457563061 0.8890479857280889 0.01935483870967742 0.01935483870967742 0.0953900000201783
3 0.31151647275144084 0.8210907510887523 0.023655913978494623 0.021505376344086023 0.0953900000201783
3 0.35012381499553896 0.7983030037140512 0.021505376344086023 0.01935483870967742 0.0953900000201783
3 0.485166615138511 0.7732577756184771 0.025806451612903226 0.023655913978494623 0.0953900000201783
3 0.4921293777457073 0.7388999351268294 0.025806451612903226 0.023655913978494623 0.0953900000201783
3 0.5668661301081468 0.600695616178335 0.04086021505376344 0.03655913978494624 0.0953900000201783
3 0.3722179455457539 0.6492645271105681 0.017204301075268817 0.015053763440860216 0.0953900000201783
3 0.5623122829007943 0.6576232515308806 0.03225806451612903 0.030107526881720432 0.0953900000201783
3 0.5795732297505719 0.7351343029007478 0.021505376344086023 0.01935483870967742 0.0953900000201783
3 0.47492474142534863 0.6234860424201938 0.021505376344086023 0.01935483870967742 0.0953900000201783
3 0.6542556350774288 0.6489179168168514 0.015053763440860216 0.01935483870967742 0.0953900000201783
3 0.5667048370349645 0.6471834418025527 0.015053763440860216 0.021505376344086023 0.0953900000201783
3 0.4871134336324038 0.6532450658354882 0.015053763440860216 0.021505376344086023 0.0953900000201783
3 0.6234312643165556 0.5900367852819522 0.015053763440860216 0.021505376344086023 0.0953900000201783
3 0.6620396616192705 0.5997564789446382 0.015053763440860216 0.021505376344086023 0.0953900000201783
3 0.6611359317861433 0.5738407604704849 0.015053763440860216 0.01935483870967742 0.0953900000201783
3 0.7085526604180689 0.5400948169671572 0.015053763440860216 0.021505376344086023 0.0953900000201783
3 0.6147936219905067 0.6462191637951832 0.008602150537634409 0.017204301075268817 0.0953900000201783
3 0.5927674789419612 0.4391854649721808 0.008602150537634409 0.017204301075268817 0.0953900000201783
3 0.6289698402615582 0.4741263508530221 0.008602150537634409 0.017204301075268817 0.0953900000201783
3 0.8196902975866802 0.5259253193445222 0.012903225806451613 0.01935483870967742 0.0953900000201783
3 0.7141531346285164 0.5816260540428456 0.012903225806451613 0.01935483870967742 0.0953900000201783
3 0.7010829105098751 0.5562524429472729 0.017204301075268817 0.021505376344086023 0.0953900000201783
3 0.7466611744234481 0.5136402224390347 0.01935483870967742 0.021505376344086023 0.0953900000201783
3 0.7815625845540054 0.6556005065011902 0.01935483870967742 0.021505376344086023 0.0953900000201783
3 0.7550308399717547 0.5651035796513296 0.01935483870967742 0.021505376344086023 0.0953900000201783
3 0.7145265731975725 0.5688611854774056 0.021505376344086023 0.025806451612903226 0.0953900000201783
3 0.8229521871721532 0.5449435922298085 0.01935483870967742 0.01935483870967742 0.0953900000201783
3 0.782107563688769 0.463246786746744 0.023655913978494623 0.023655913978494623 0.0953900000201783
3 0.698392028888561 0.424411339733743 0.023655913978494623 0.015053763440860216 0.0953900000201783
3 0.7572224761184737 0.5357520079174372 0.023655913978494623 0.012903225806451613 0.0953900000201783
3 0.7473981889356082 0.5406779573715497 0.025806451612903226 0.012903225806451613 0.0953900000201783
3 0.8318796233190603 0.5200353328925303 0.025806451612903226 0.015053763440860216 0.0953900000201783
3 0.8490740630886814 0.5014872801344938 0.021505376344086023 0.012903225806451613 0.0953900000201783
3 0.8932257400096171 0.5537543678589502 0.03225806451612903 0.015053763440860216 0.0953900000201783
3 0.8811189734764138 0.45022730812198664 0.021505376344086023 0.010752688172043012 0.0953900000201783
3 0.8531444238048497 0.5091572593513286 0.023655913978494623 0.012903225806451613 0.0953900000201783
3 0.6873416848065739 0.4114025758047599 0.021505376344086023 0.010752688172043012 0.0953900000201783
3 0.875945494760592 0.4664725978796822 0.025806451612903226 0.008602150537634409 0.0953900000201783
3 0.7579174531092814 0.3683972065526092 0.025806451612903226 0.012903225806451613 0.0953900000201783
3 0.9652321605681515 0.28830630149252534 0.025806451612903226 0.012903225806451613 0.0953900000201783
3 0.7356941620707961 0.4714193223973956 0.01935483870967742 0.008602150537634409 0.0953900000201783
3 0.8547280550884406 0.399895520893626 0.01935483870967742 0.015053763440860216 0.0953900000201783
3 0.805926263946606 0.4169461535281717 0.01935483870967742 0.021505376344086023 0.0953900000201783
3 0.7995375487599302 0.3828173125349131 0.017204301075268817 0.01935483870967742 0.0953900000201783
3 0.7446152599918737 0.5840691574923667 0.012903225806451613 0.01935483870967742 0.0953900000201783
3 0.8813333263716365 0.3445550862662525 0.012903225806451613 0.01935483870967742 0.0953900000201783
3 0.7601202095583615 0.40902618545975306 0.017204301075268817 0.023655913978494623 0.0953900000201783
3 0.776331084468836 0.35272241174456415 0.012903225806451613 0.021505376344086023 0.0953900000201783
3 0.7214833212039324 0.4034508658560843 0.015053763440860216 0.021505376344086023 0.0953900000201783
3 0.6215516509448331 0.4662321439610923 0.021505376344086023 0.02795698924731183 0.0953900000201783
3 0.6680436437105501 0.37486326875294584 0.021505376344086023 0.034408602150537634 0.0953900000201783
3 0.6891321082029428 0.11234036534258729 0.017204301075268817 0.025806451612903226 0.0953900000201783
3 0.5661819244008927 0.310758509710122 0.021505376344086023 0.03225806451612903 0.0953900000201783
3 0.5191401747308078 0.35439521077937375 0.01935483870967742 0.030107526881720432 0.0953900000201783
39 0.5844420565407216 0.15031372595328005 0.023655913978494623 0.010752688172043012 0.0953900000201783
39 0.4175141242566522 0.3850555821755116 0.021505376344086023 0.012903225806451613 0.0953900000201783
39 0.5120725508088426 0.34119996125908736 0.017204301075268817 0.010752688172043012 0.0953900000201783
3 0.616389096692298 0.44273287469707395 0.023655913978494623 0.010752688172043012 0.0953900000201783
3 0.45120712297083565 0.52075938018581 0.021505376344086023 0.010752688172043012 0.0953900000201783
3 0.48644926530742255 0.41184145468962624 0.021505376344086023 0.010752688172043012 0.0953900000201783
3 0.4566654392411204 0.3341619390692685 0.021505376344086023 0.008602150537634409 0.0953900000201783
3 0.4740553854802739 0.337582140366122 0.023655913978494623 0.010752688172043012 0.0953900000201783
3 0.5487727210408888 0.44126307433164474 0.023655913978494623 0.008602150537634409 0.0953900000201783
3 0.4808808714958346 0.3695413100546627 0.021505376344086023 0.008602150537634409 0.0953900000201783
3 0.49763917049552064 0.3636107510322695 0.021505376344086023 0.008602150537634409 0.0953900000201783
3 0.5097657127758656 0.24375947813199014 0.021505376344086023 0.010752688172043012 0.0953900000201783
3 0.5200956332612552 0.38206546688305254 0.025806451612903226 0.010752688172043012 0.0953900000201783
3 0.45390711049802374 0.3943200532849387 0.023655913978494623 0.010752688172043012 0.0953900000201783
3 0.5620312766626222 0.41732404947748486 0.025806451612903226 0.010752688172043012 0.0953900000201783
3 0.519102544354039 0.39278627761433715 0.025806451612903226 0.010752688172043012 0.0953900000201783
3 0.5124955413271447 0.41019668522433617 0.023655913978494623 0.010752688172043012 0.0953900000201783
3 0.527263189248527 0.39328092188582925 0.023655913978494623 0.010752688172043012 0.0953900000201783
3 0.5171314664047111 0.366857304983204 0.023655913978494623 0.008602150537634409 0.0953900000201783
3 0.5058406745329093 0.39215143891095094 0.025806451612903226 0.010752688172043012 0.0953900000201783
3 0.4090507903742697 0.29348208653627217 0.021505376344086023 0.010752688172043012 0.0953900000201783
3 0.46710939716990285 0.3461708472637124 0.021505376344086023 0.010752688172043012 0.0953900000201783
3 0.45560775397187747 0.3995978723653285 0.025806451612903226 0.0064516129032258064 0.0953900000201783
3 0.415629030955977 0.36477892858272626 0.025806451612903226 0.010752688172043012 0.0953900000201783
3 0.3895401021429861 0.363199219736353 0.023655913978494623 0.010752688172043012 0.0953900000201783
3 0.18841642754677732 0.33481378928332073 0.025806451612903226 0.015053763440860216 0.0953900000201783
3 0.4489990941194279 0.4507576216000405 0.023655913978494623 0.010752688172043012 0.0953900000201783
3 0.3870883659671239 0.39628576864790366 0.025806451612903226 0.015053763440860216 0.0953900000201783
3 0.3697629416418807 0.3800134251303788 0.023655913978494623 0.008602150537634409 0.0953900000201783
3 0.43368832113450956 0.2987943266660567 0.023655913978494623 0.010752688172043012 0.0953900000201783
3 0.334428650324247 0.5108664730142256 0.025806451612903226 0.015053763440860216 0.0953900000201783
3 0.44428015297333745 0.537333249533586 0.030107526881720432 0.010752688172043012 0.0953900000201783
3 0.37103124033853085 0.46869005268807995 0.030107526881720432 0.010752688172043012 0.0953900000201783
3 0.3532528049692974 0.4371761919976537 0.030107526881720432 0.010752688172043012 0.0953900000201783
3 0.4187277432414909 0.4425901243171113 0.030107526881720432 0.010752688172043012 0.0953900000201783
3 0.37726481822737773 0.41169542882105276 0.03655913978494624 0.01935483870967742 0.0953900000201783
3 0.3790764586336315 0.3455761769079657 0.02795698924731183 0.008602150537634409 0.0953900000201783
3 0.39057094984391816 0.29047475630207975 0.021505376344086023 0.008602150537634409 0.0953900000201783
3 0.4285582527611591 0.3106755602681406 0.023655913978494623 0.010752688172043012 0.0953900000201783
3 0.39281237931322877 0.3994178774740724 0.025806451612903226 0.010752688172043012 0.0953900000201783
3 0.3090005485446989 0.34138664297016635 0.023655913978494623 0.010752688172043012 0.0953900000201783
3 0.4522247030471902 0.33295192001366775 0.021505376344086023 0.010752688172043012 0.0953900000201783
3 0.436440198123519 0.41635198734661655 0.021505376344086023 0.008602150537634409 0.0953900000201783
3 0.1877789458639874 0.3172283892121307 0.021505376344086023 0.04516129032258064 0.0953900000201783
3 0.1794496941498253 0.44784193834043984 0.012903225806451613 0.021505376344086023 0.0953900000201783
3 0.3249417691937708 0.2623691121092227 0.010752688172043012 0.015053763440860216 0.0953900000201783
3 0.2663837094255721 0.21533925165913925 0.017204301075268817 0.030107526881720432 0.0953900000201783
3 0.25339948991334427 0.3082922530859316 0.023655913978494623 0.04086021505376344 0.0953900000201783
3 0.3040995060134878 0.36399859917426053 0.015053763440860216 0.030107526881720432 0.0953900000201783
25 0.40408142949958076 0.3616989246431277 0.025806451612903226 0.04946236559139785 0.0953900000201783
3 0.20345502954125114 0.16716857833869161 0.02795698924731183 0.03870967741935484 0.0953900000201783
3 0.2844697144689785 0.490934447423855 0.025806451612903226 0.03655913978494624 0.0953900000201783
3 0.04197286552993747 0.22429171060378264 0.034408602150537634 0.03655913978494624 0.0953900000201783
3 0.06679239852410655 0.28980587734370955 0.015053763440860216 0.021505376344086023 0.0953900000201783
