5 0.7852412645012158 0.29842241265515157 0.054838709677419356 0.034408602150537634
25 0.5677945384545146 0.3411079603999754 0.13225806451612904 0.14193548387096774
5 0.9354287708309046 0.31763295025869304 0.07311827956989247 0.07849462365591398
5 0.9071882741789261 0.3118483680296048 0.06881720430107527 0.07741935483870968
5 0.8820255703138595 0.23593012093721558 0.08924731182795699 0.046236559139784944
5 0.5519172210404565 0.09950956799661803 0.08817204301075268 0.04516129032258064
4 0.4810523309354335 0.452299640617377 0.07419354838709677 0.07956989247311828
4 0.7966535063216732 0.4257340250545581 0.1053763440860215 0.12795698924731183
4 0.7582027400223124 0.4025040895510471 0.1086021505376344 0.13118279569892474
4 0.7212629076002988 0.3926784292278785 0.1053763440860215 0.12903225806451613
4 0.6255754789331425 0.39269840404007494 0.16559139784946236 0.17849462365591398
4 0.5534164139263867 0.2874198518837087 0.07419354838709677 0.07956989247311828
4 0.5113530710700318 0.27745333512736436 0.07096774193548387 0.07634408602150537
29 0.30345156930592415 0.2867057394183178 0.04408602150537634 0.026881720430107527
3 0.2775289698432788 0.2723514212174519 0.021505376344086023 0.007526881720430108
4 0.28397337872840217 0.17243264055917717 0.06559139784946237 0.07096774193548387
5 0.24210890003141175 0.14883699477297824 0.03870967741935484 0.04086021505376344
5 0.2499706589880973 0.1576803330199835 0.060215053763440864 0.06559139784946237
5 0.20289794826722451 0.15944140623666933 0.1010752688172043 0.10967741935483871
5 0.16436062338835347 0.1385263144228033 0.0989247311827957 0.0956989247311828
5 0.16844058478392057 0.11905824810575116 0.05591397849462366 0.054838709677419356
