39 0.8164693691507128 0.2901933371460358 0.0913978494623656 0.08817204301075268 0.0010541143343585219
39 0.9159554183019201 0.21275524755570807 0.09247311827956989 0.08602150537634409 0.0010541143343585219
25 0.8293239235281273 0.207308464853938 0.07741935483870968 0.07741935483870968 0.0010541143343585219
3 0.7707298769253315 0.249835489580957 0.04408602150537634 0.03225806451612903 0.0010541143343585219
3 0.7807113969551795 0.23818806313436797 0.043010752688172046 0.030107526881720432 0.0010541143343585219
39 0.7467344542893994 0.25714818820344704 0.06344086021505377 0.041935483870967745 0.0010541143343585219
3 0.739325196738785 0.27252816120484225 0.05268817204301075 0.035483870967741936 0.0010541143343585219
39 0.7222801277152419 0.2903303503375096 0.05053763440860215 0.03763440860215054 0.0010541143343585219
39 0.6981182362782886 0.3027799684292951 0.06451612903225806 0.04408602150537634 0.0010541143343585219
39 0.6696582339841634 0.3297941863722636 0.05698924731182796 0.03978494623655914 0.0010541143343585219
3 0.6481747218196403 0.35019152605563153 0.06774193548387097 0.03763440860215054 0.0010541143343585219
39 0.6320852974992056 0.36588175506366855 0.06451612903225806 0.035483870967741936 0.0010541143343585219
39 0.685306197181669 0.41906235808757686 0.10752688172043011 0.1010752688172043 0.0010541143343585219
5 0.24060377705130395 0.8248069591986033 0.1989247311827957 0.17849462365591398 0.0010541143343585219
3 0.3680977284882983 0.29256337205981686 0.07204301075268817 0.04946236559139785 0.0010541143343585219
39 0.4042541586457903 0.24931974216002878 0.07204301075268817 0.05591397849462366 0.0010541143343585219
25 0.43986769251478774 0.18746076878416945 0.0913978494623656 0.08172043010752689 0.0010541143343585219
3 0.5390380996973133 0.0951979834879857 0.046236559139784944 0.04408602150537634 0.0010541143343585219
25 0.6114086937530043 0.03067637656713985 0.06774193548387097 0.05698924731182796 0.0010541143343585219
12 0.025724174705481426 0.46685322461908774 0.04838709677419355 0.07956989247311828 0.0010541143343585219
5 0.22797835333569805 0.2788645728486397 0.1053763440860215 0.1 0.0010541143343585219
5 0.34895119761744936 0.18056803970322796 0.1032258064516129 0.0989247311827957 0.0010541143343585219
12 0.5022239874478103 0.05171583490630078 0.14408602150537633 0.1010752688172043 0.0010541143343585219
