3 0.7029348841763116 0.26644045254849397 0.03118279569892473 0.024731182795698924
3 0.6846796577497608 0.14217499291961527 0.047311827956989246 0.03763440860215054
3 0.6073020705697016 0.17765992503047018 0.03118279569892473 0.025806451612903226
3 0.552553075205697 0.15328632539744122 0.03225806451612903 0.025806451612903226
12 0.5652469968237048 0.19552657767276022 0.034408602150537634 0.02903225806451613
3 0.5665728409031779 0.1879786721263532 0.05161290322580645 0.05161290322580645
3 0.5252206582486662 0.22795061974479802 0.035483870967741936 0.02795698924731183
49 0.39681210368889264 0.37823906419219044 0.03118279569892473 0.03655913978494624
3 0.04998927970671156 0.4086091817763108 0.016129032258064516 0.02795698924731183
3 0.1122723904755763 0.3080219473828657 0.024731182795698924 0.041935483870967745
29 0.1458950409599663 0.25187880937808704 0.03870967741935484 0.08172043010752689
