30 0.06105525503857607 0.22639801941057044 0.10967741935483871 0.08817204301075268 0.015269517499470406
30 0.9173058636001808 0.04343370150876689 0.12043010752688173 0.07741935483870968 0.015269517499470406
30 0.9319698865579555 0.08842709874457982 0.12258064516129032 0.07956989247311828 0.015269517499470406
30 0.515312065899138 0.036856434113003024 0.1064516129032258 0.06666666666666667 0.015269517499470406
30 0.11072388637236452 0.41108133864605756 0.16559139784946236 0.1032258064516129 0.015269517499470406
30 0.7042224135996193 0.11901217341117236 0.15053763440860216 0.11182795698924732 0.015269517499470406
30 0.6730613957066736 0.2840692673627813 0.12688172043010754 0.0989247311827957 0.015269517499470406
30 0.631943439199691 0.25471282857743593 0.14623655913978495 0.11397849462365592 0.015269517499470406
30 0.203533916101782 0.20789389696515007 0.14193548387096774 0.11397849462365592 0.015269517499470406
30 0.2835605245588734 0.4048915885467457 0.14838709677419354 0.10752688172043011 0.015269517499470406
