30 0.9906812758618997 0.07541513679923635 0.01827956989247312 0.02903225806451613 0.0023105375060488292
30 0.9895628818910122 0.105889696387498 0.01827956989247312 0.026881720430107527 0.0023105375060488292
30 0.029843233768143906 0.48361873449349174 0.05591397849462366 0.07204301075268817 0.0023105375060488292
30 0.6213534490044037 0.03961499957159866 0.12365591397849462 0.06989247311827956 0.0023105375060488292
30 0.7648887352618579 0.2955831181737788 0.12688172043010754 0.09462365591397849 0.0023105375060488292
30 0.7548032619051406 0.2646653455440381 0.14193548387096774 0.11182795698924732 0.0023105375060488292
30 0.8055386468894308 0.12185509610842342 0.15483870967741936 0.11397849462365592 0.0023105375060488292
30 0.12990366546446427 0.23146210920156116 0.18494623655913978 0.12688172043010754 0.0023105375060488292
30 0.3084166672858939 0.20943909244126052 0.14408602150537633 0.11827956989247312 0.0023105375060488292
30 0.2138729667500159 0.4157543530319531 0.16344086021505377 0.1010752688172043 0.0023105375060488292
30 0.38499985475199455 0.4026731178835098 0.15268817204301074 0.1053763440860215 0.0023105375060488292
