30 0.36129032258064514 0.01881720430107527 0.09462365591397849 0.035483870967741936
30 0.06559139784946237 0.3951612903225806 0.12903225806451613 0.08924731182795699
30 0.05591397849462366 0.36989247311827955 0.10967741935483871 0.08602150537634409
30 0.09247311827956989 0.41397849462365593 0.16774193548387098 0.12258064516129032
30 0.5817204301075268 0.04946236559139785 0.14838709677419354 0.0967741935483871
30 0.5967741935483871 0.07634408602150537 0.1913978494623656 0.12688172043010754
30 0.15698924731182795 0.110752688172043 0.1913978494623656 0.14193548387096774
30 0.16129032258064516 0.14731182795698924 0.11612903225806452 0.08817204301075268
30 0.4150537634408602 0.19462365591397848 0.15913978494623657 0.12043010752688173
30 0.4311827956989247 0.21935483870967742 0.14408602150537633 0.11182795698924732
30 0.3989247311827957 0.16881720430107527 0.16989247311827957 0.12688172043010754
