30 0.9000293336254042 0.5708791744253012 0.13225806451612904 0.10215053763440861
30 0.22118744592383582 0.9907524342072732 0.03225806451612903 0.008602150537634409
30 0.23433718949326565 0.9464740821297797 0.12580645161290321 0.06989247311827956
30 0.5609742214896005 0.8070775192130447 0.18064516129032257 0.0978494623655914
30 0.6064182292031791 0.8605256517043531 0.15268817204301074 0.0989247311827957
30 0.3230736189244844 0.9252169079765366 0.12688172043010754 0.08172043010752689
30 0.07881724308372773 0.6364631618711853 0.13763440860215054 0.09032258064516129
30 0.11351578562629047 0.726836779148452 0.11182795698924732 0.07311827956989247
30 0.15615526615463987 0.6082371431940108 0.15483870967741936 0.10967741935483871
30 0.12042204344702441 0.7083647858143599 0.1913978494623656 0.12473118279569892
30 0.0958521612425802 0.6250460758261566 0.11612903225806452 0.09032258064516129
30 0.8657926394896358 0.6649916898521989 0.10967741935483871 0.07956989247311828
30 0.7630015448700526 0.6863685167846427 0.14838709677419354 0.1053763440860215
30 0.8019542361607509 0.7449340940078972 0.18924731182795698 0.13548387096774195
30 0.6087882668391893 0.6481966845528229 0.14193548387096774 0.1053763440860215
30 0.6209476155209729 0.7073848780060393 0.14408602150537633 0.1032258064516129
30 0.6001272534314778 0.640698841627449 0.14838709677419354 0.10967741935483871
30 0.5401419084734372 0.5940169167680653 0.1956989247311828 0.14623655913978495
30 0.2895106118653877 0.5231947910171566 0.13978494623655913 0.08387096774193549
30 0.35209372232362873 0.46913200365958224 0.13118279569892474 0.07956989247311828
30 0.669672460794459 0.2021687980271269 0.221505376344086 0.13333333333333333
30 0.6060498313076554 0.06267282151269352 0.15698924731182795 0.0967741935483871
30 0.6428042555626625 0.13722147147562752 0.2129032258064516 0.11612903225806452
30 0.6747975612012665 0.2771453793190102 0.2086021505376344 0.10752688172043011
30 0.7144332397313508 0.16696517366797825 0.2086021505376344 0.1032258064516129
30 0.7406250826690923 0.19588128099297902 0.13548387096774195 0.07311827956989247
